,titles,category,summary
0,디지몬 테이머즈  기   모험자들의 싸움,판타지,여름방학  타카토는 바쁜 부모님을 대신해 성묘하기 위해 혼자서 오키나와의 친척 집으로 향한다  그런데 평화롭기만 한 오키나와에 흉악한 디지몬이 나타나고  타카토와 사촌 카이는 디지몬에 습격당해 정신을 잃은 소녀 미나미를 구출한다  흉악한 디지몬이 미나미를 노리는 이유는 무엇일까 
1, 자막  베이블레이드 버스트 초제트,판타지,아카바 아이가는 풍요로운 자연 속에서 자란 야생적인 소년이다  세계 챔피언인 아오이 발트와 베이 배틀을 하고 자극을 받은 아이가는 초제트 베이 제트 아킬레스와 함께 최강 무적의 블레이더를 목표로 하게 된다  아이가의 모험과 도전이 지금 시작된다 
2,뿌이뿌이 모루카,판타지,기니피그가 자동차가 됐어요  털이 보송보송하고 사랑스러운 모루카들이 신나는 모험을 펼치는 스톱 모션 애니메이션  보면 볼수록 기분이 좋아져요 
3,숲의 요정 페어리루 시즌   마법의 펜듈럼 ,판타지,날개가 달린 자그마한 요정  페어리루  플라워 페어리루 리프  트윙클 페어리루 스피카  그 외에도 곤충의 요정  인어의 요정  버섯의 요정  많은 페어리루들이 리틀페어리루에서 살고 있어  그 곳에서는 꽃잎 다과회나 나이트 파티  반짝이는 유성대회 등 매일매일 즐거운 일이 한가득  옛날부터  마법의 펜듈럼 은 리틀 페어리루로 가는 문이였고  페어리루들은 휴머루 인간 들을 몰래 지켜보고 있었대  혼자서는 해결 할 수 없는 고민도 리틀 페어리루에 가면 뭔가 달라질지도 몰라   마법의 펜듈럼 으로 리프  스피카를 불러내봐  마법의 주문은  리루리루 페어리루  
4,에그엔젤 코코밍 part  ,판타지,초등학교  학년인 한미소는 매사에 서툴긴 하지만 물건을 소중히 하는 소녀  어느 날 미소가 어릴 때부터 소중히 써왔던 색연필에서 코코밍이 태어난다  그 이후 피아노  책  텔레비전  화장품 등에서 여러 코코밍들이 생겨나는데  코코밍은 인간에게 모습을 들키면 원래의 물건으로 되돌아가야 한다는 규칙이 있다  과연 미소와 코코밍들은 사람들 눈에 띄지 않고 사이좋게 지낼 수 있을까  또  코코밍하우스의 식구들은 어디까지 늘어날까 
5,디지몬 테이머즈  기   폭주 디지몬 특급,판타지,도쿄 도내 선로에 출현한 로코몬으로 인해 시공이 뒤틀려 버리고  현실 세계가 디지털 존 안으로 빨려들어갈 위기에 처한다  로코몬의 폭주를 막고 디지털 존을 소멸시키기 위해 루키와 타카토는 달리는 열차에 과감히 올라탄다 
6,마이 리틀 포니  ,판타지,귀여운 포니 친구들과 환상의 나라로 떠나자  셀레스티아 공주가 다스리는 이퀘스트리아의 포니 마을에서  우정에 대해 배우라는 지침을 받은 유니콘 포니 트와일라잇 스파클과 다섯 명의 포니가 가까운 친구가 되면서 우정에 생긴 문제들을 함께 해결해 나가는 모험담
7,염라왕이 뿔났다,판타지,염소라는 부왕의 말에 따라 염라대왕이 되지만 간이 작고 귀신을 무서워한다  그래서 담력을 키우기 위해 인간 세계에 내려가게 되는데   
8, 자막  극장판 원피스  기   기계태엽성의 메카 거병,판타지,거센 폭풍우를 헤치고 구사일생으로 살아난 루피 일행  침몰 직전에 있는 해적선에서 커다란 보물 상자를 발견하고 두근두근 기대에 부풀어 상자를 열어보지만 안에서 나온 것은 보물이 아닌 번쩍거리는 황금니의 할머니 로바뿐  해적들에게 도망쳐 보물 상자에 숨어있던 로바는 또다시 흉악한 해적들에게 잡힌 것이라 생각하고  신비한 전설 속의 보물인 바다 왕의 황금왕관이 있는 곳을 알려줄 테니 목숨만 살려 달라고 애원한다  보물 이야기에 눈이 휘둥그래진 루피 일행은 로바가 가지고 있던 거북이 나침반을 따라 전설 속 신비의 보물이 숨겨진 섬을 향해 떠난다  메카섬이라고 불리는 그 곳은 이름과 달리 조용하고 아름다운 섬으로  이곳은 로바 할머니의 아들이자 기계태엽성의 성주인 꽃미남 라체트가 지배하고 있다  루피 일행이 메카섬에 다다르자 라체트는 이들을 침입자로 간주하고 섬의 최첨단 방어 시스템을 작동시키고  고무동력기를 이용해 로바만 데리고 홀연히 사라져 버린다  당황해 할 겨를도 없이 루피 일행의 눈 앞에는 수천 개의 화살이 쏟아지기 시작하는데   루피 일행은 라체트의 최첨단 방어 시스템을 뚫고 메카섬의 전설 속 보물을 과연 손에 넣을 수 있을 것인가 
9, 자막  극장판 원피스   기  밀짚모자 체이스,판타지,루피의 새로운 어드벤쳐  세기의 모험을 체감하라  스크린을 압도하는 해적단 필살기  논스톱    액션 퍼레이드  루피에게 일대 사건이 발생한다  어린 시절  동경의 대상인 해적  빨간 머리 샹크스 와 약속을 하고 맡았던 생명보다 더 소중한 보물인  밀짚모자가 홀연히 사라져버린 것이다   나는 해적왕이 되겠다  는 꿈을 가진 온갖 위기상황을 거쳐가면서도 한시도 몸에서 떼지 않았던 밀짚모자가 없어지다니   혈안이 되어 찾는 루피와 그 일행은 우여곡절 끝에 밀짚모자를 입에 문 독수리를 발견한다  하늘을 자유롭게 날아다니는 독수리를 쫓아  위대한 항로  그랜드 라인 의 위험 지대로 배를 몰게 된 사우전드 써니호  그리고 목적지에서 기다리고 있는 해군 기지  과연  밀짚모자 해적단  은 트레이드 마크인 밀짚모자를 되찾을 수 있을 것인가   루피의 끝없는 모험의 계기가 된 밀짚모자를 놓고  흥미진진 최강의 쟁탈전이 시작된다 
10, 자막  극장판 원피스  기   네지마키 섬의 모험,판타지,애지중지하던 고잉메리호를 도둑맞은 루피 일행은 세계 제일의 도둑이라고 소개하는 보로드와 아키스 형제를 만난다  그들에게 고잉메리호가 세계에서 가장 비싼 시계  다이아몬드 클락이 있는 태엽섬에 있다는 사실을 알게 된다  루피 일행은 고잉메리호와 함께 납치당한 나미를 구하기 위해 트럼프 군단이 있는 태엽섬을 향해 떠난다  나미는 적의 대장인 베어킹에 의해 강제로 결혼을 당할 상황에 빠지게 되고  트럼프 군단의 공격에 의해 상디  우솝  조로마저 잡혀버리고 만다  눈 하나 깜짝하지 않고 루피 일행을 몰살하려는 그들의 음모에 루피의 분노가 폭발하고  두목 베어킹과의 일대 전투가 벌어진다 
11,포켓몬스터 XY MEGA EVOLUTION  최강 메가진화  Act ,판타지,메가진화를 해내고  최강의 자리에 오르기 위한 알랭의 여행은 계속된다  메가레쿠자와 함께 사라진 전설의 거석의 행방을 쫓는 알랭 일행과 성호  갑자기 그들에게 해상에 그란돈이 나타났다는 정보가 들어온다  현장으로 가기 위해 서두르는 일행의 앞에 그란돈 뿐만이 아니라 가이오가도 나타나고  게다가 하늘에서 레쿠자도 강림하여  드디어 전설의  체가 격돌한다  과연 호연지방의 미래는   알랭 일행은 살아남을 수 있을까  
12,극장판 귀멸의 칼날   주합회의 나비저택편,판타지, 탄지로 와  네즈코 는 귀살대 중에서도 최고의 계급인 지주들 앞으로 끌려간다  탄지로의 죄명은  대율 위반   특히  혈귀인 네즈코를 죽이지 않고 동행한 혐의로 목숨을 잃을 위기에 처한다  귀살대의 당주  우부야시키 카가야 에 의해 위기를 넘긴  탄지로 는  젠이츠    이노스케 와 함께 지난  나타구모 산 에서의 전투 이후 입게 된 상처를 치유하기 위해 나비저택에 머물며 기능회복 훈련에 돌입한다  한편   나타구모 산 의 일로 분노한  키부츠지 무잔 은 하현들을 소집하는데  우리의 사명은 하나  혈귀 멸살  
13,신 테니스의 왕자   BEST GAMES   VOL  ,판타지,    년  테니스의 왕자  연재   주년 기념  수많은 명승부들 중 특히나 주목받은 대결만을 모은  베스트 게임즈  프로젝트가 온다  총  개 시리즈로 구성된  베스트 게임즈 의 첫 번째 대결은     년   월에 개최된 특별전시  올 테니프리뮤지엄    교토 에서 당당히 메인 테마 경기 앙케이트  위를 차지한 관동대회  회전 세이슌    효테이의 단식  경기  테즈카    아토베  세이슌과 효테이  양팀 주장의 자존심을 건 대결  과연 승자는 누가 될 것인가 
14, 자막  꼬마마법사 레미 포르테   개구리 바위의 비밀,판타지,도레미들은 하나를 구하기 위해 마녀의 증표인 수정 구슬을 잃고 인간으로 돌아온다  마법게 아이는 만  세가 되면 마법유치원으로 보내지게 되어  도레미들은 하나와도 헤어지게 된다  초등학교  학년이 된 도레미들  마녀계 여왕은 도레미들에게 다시 기회를 주어 초보 마법사 자격을 준다  하지만 반대하는 원로원 마녀들의 과자 굽기 시험을 통과해야 한다  시험에 한번이라도 불합격하면 자격을 뺏기고 만다  그리고 마력의 근원인 야채를 싫어하는 저주에 걸린 하나  도레미들은 다시 마녀가 될 수 있을까 
15,포켓몬스터 XY MEGA EVOLUTION  최강 메가진화  Act ,판타지,메가진화  펼쳐지는 새로운 이야기  모험의 무대는 칼로스지방에서 호연지방으로 옮겨간다  메가진화를 해내기 위해  그리고 최강의 정점에 오르기 위해 여행을 계속하는 알랭  호연지방에서 그를 기다리고 있던 것은 새로운 메가진화 포켓몬  그리고 호연지방의 정점에 군림하는 챔피언 성호였다  앞길을 가로막는 성호와의 장렬한 메가진화 시합  격렬한 시합 도중에 갑자기 나타난 수수께끼의 남자  그리고 호연지방에 잠들어 있는 전설의 거석  모든 열쇠가 모이자  메가진화의 수수께끼가 서서히 풀려 간다  그 근원에 다가가자  아득한 하늘에서 전설의 포켓몬 레쿠자가 출현  호연지방을 뒤흔드는 장렬한 싸움의 막이 오른다  
16,신 테니스의 왕자 효테이 vs 릿카이   게임 오브 퓨처 후편,판타지,아토베 그룹에서 신설한 테니스 코트에서 펼쳐지는 효테이    릿카이의 환상적인 꿈의 경기는 아직 끝나지 않았다  드디어 성사되는  킹 과  신의 아이 의 대결  그리고  학년이 다음 세대에 전하는 새로운 결의가 뜨겁게 교차한다 
17,BLUE REFLECTION RAY part  ,판타지,이것은 빛나는  마음 을 하나로 잇는 이야기  기쁨  슬픔  분노  사람의 감정은  누구나 가지고 있지만 눈에는 보이지 않는 힘  그 힘은 때로는 세계마저 바꿔버릴지 모른다  언제나 긍정적이고 곤란에 처한 사람이 있으면 지나치지 못하는 히라하라 히오리와 사람들과 어울리려 해도 그 방법을 알지 못해 서투른 하나리 루카  서로 정반대라고 할 수 있는 두 소녀의 만남은 그녀들 자신을  그리고 세계를 어떻게 바꿔놓을 것인가  그렇게 새로운 세계가 시작된다 
18, 더빙  꼬마마법사 레미 포르테   개구리 바위의 비밀,판타지,시골로 놀러간 마법당 멤버들은 할아버지 할머니로부터 우연히 개구리 바위 전설을 듣게 된다  웃는 달이 뜨는 밤  호기심에 개구리 바위를 찾아 아이들은 산에 들어가는데    꼬마 마법사들의 잊지 못할 여름방학 
19,신 북두의 권 OVA,판타지,서기      년 지구는 핵의 불길에 휩싸였다  하지만 인류는 멸종하지 않았다  폭력이 모든 것을 지배하는 세계가 핵 전쟁 이후의 난세가 도래한다  그리고 북두 신권 전승자인 켄시로가 악당을 상대로 북두신권을 구사하며 세상의 평화를 기원하고 각 운명의 별을 가진 남두의권 전승자들이 켄시로 앞에 나타나 격투를 펼치는 이야기 
20, 더빙  원피스  에피소드 오브 루피  핸드 아일랜드의 모험 ,판타지,자유와 신념  그리고 꿈을 위한 밀짚모자 일당의 결전  신세계로 떠난 밀짚모자 일당은 대포를 피하려다 어떤 섬에 거꾸로 처박힌다  그곳은 바로 장인들의 섬  핸드 아일랜드   루피는 그 섬에서 밀랍장인 디에고를 만나고 밀랍으로 만들어진 샹크스  에이스와 재회한다  루피는 추억을 떠올리게 해준 보답으로 해군에 있는 디에고 아들에게 인형을 전해주기로 한다  하지만 이곳 해군 기지 책임자인  비릿치 준장 은 욕심 많고 악독한 인물로 마을 사람들을 납치한 것은 물론 써니호에 대포를 쏜 것도 바로 이 자였다  루피는 비릿치 준장이 지배하는 해군기지 정문으로 당당히 다가가는데   
21,포켓몬스터 모두의 이야기,판타지,함께라면 두려울 것 없는 우리들의 모험이 시작된다  바람 축제에 온 지우와 피카츄는 이브이를 찾는 리사와 새로 만난 친구들과 함께 하던 중  갑자기 모든 바람이 사라지고 정체를 알 수 없는 검은 연기가 마을을 뒤덮는다  사람과 포켓몬 모두가 위험해질 위기가 찾아오자  바람을 되찾기 위해 지우와 피카츄  리사와 이브이  라르고  카가치  히스이  토리토의 모두가 함께하는 기적 같은 이야기가 시작된다 
22,훌러덩 킨타로,판타지,커플을 강제로 헤어지게 해서 이익을 취하려는 위협에 맞서 대결하는 내용의 애니메이션 
23, 더빙  원피스 로맨스 던,판타지,원피스   애니메이션화   주년 기념 특별편  원피스의 원점으로 돌아가 해적을 꿈꾸는 또 한 명의  루피 를 만난다  어쩌면  원피스 가 될 수도 있었던   원피스  그 이전의  원피스  이야기 
24,테니스의 왕자   아토베로부터의 선물,판타지,행복한 꿈을 꾸고 싶은 녀석은 이 몸을 따라오라구  효테이의 테니스부 부장 아토베 케이고가  슈퍼 테니스페스티벌 을 개최한다  평소에는 테니스 코트에서 불꽃 튀는 라이벌들이었던 이들이 한데 모여서 각종 경기와 오락을 놓고 경연한다  클라이막스는 바로  학교 대항 장애물 릴레이 경기   이 격렬한 배틀에서 각 학교별로 경쟁과 투지가 부딪치는데  그리고 주최자 아토베의 진심이란 과연 무엇일까 
25,창천의 권 REGENESIS  기,판타지,줄거리 정보가 없는 작품이에요 
26,그리자이아   팬텀 트리거     소울 스피드,판타지, 현  항  입국 예정이었던 중요인물과  물건 이 갑자기 자취를 감춘다  의뢰를 받고 실종사건을 수색하기 시작하는 미하마 학원      멤버들  그러나 사라진 문제의  물건 을 찾아낸 바로 그 순간  오토바이를 탄 누군가에게 빼앗기고 만다  범인은 바로 소문만 무성한 채 정체가 불분명한 라이더  소울 스피드  마키  레나는 마키를 추적하고  이윽고 둘의 사투가 펼쳐지는데  이번이 첫 만남이 아닌 레나와 마키  이것은 그들의 과거로 거슬러 올라가는 여행이자  피와 연기에 물든 소녀들의 이야기다 
27,극장판 귀멸의 칼날   나타구모산편,판타지, 탄지로 와  네즈코    젠이츠    이노스케 는 귀살대원들의 실종사건을 조사하기 위해 나타구모 산으로 향한다  심상치 않은 기운의 나타구모 산에 도착한  탄지로  일행은 그곳에서 거미 줄에 의해 조종당하고 있는 귀살대원들과 싸우다 뿔뿔이 흩어지고 만다  사실 그곳은 산 전체가 혈귀 거미 가족에 의해 통제되고 있었다  게다가   네즈코 를 노리는  십이귀월 의 등장으로  탄지로 는 절체절명의 위기에 빠지게 되는데    가짜  인연 으로 엮어진 혈귀 가족     진짜  인연 으로 엮인  탄지로 와  네즈코  남매  과연   탄지로 는  십이귀월 에게서  네즈코 를 지킬 수 있을까 
28, 더빙  극장판 나루토   대흥분  초승달 섬의 애니멀 소동,판타지,불의 나라 나뭇잎 마을의 좌충우돌 닌자  인방  나루토 카카시 사쿠라 록리  나루토 군단은 초승달 섬의 왕자  히카루  무리를 무사히 마을로 안내하는 임무를 맡게 된다  진귀한 세계 보물을 가득 실은 무리는 가는 길목마다 수많은 악당들의 공격을 받게 되고  설상가상 희귀동물로 가득한 서커스단까지 통째로 사들여 이들의 여정은 더욱 고난의 연속이다  마침내  어렵사리 도착한 초승달 섬  하지만 섬에서 만난 정체 불명의 닌자  인조는 마을을 지배한 채 히카루 왕자와 나루토 군단을 향해 엄청난 공격을 퍼붓기 시작하는데   지상 최대  초특급 어드벤처가 지금 펼쳐진다 
29,극장판 소녀 가극 레뷰 스타라이트,판타지,스타라이트  그것은 아득히 먼 별의 태고의 옛적에 머나먼 미래의 이야기  이 희곡으로 무대의 반짝임을 받은 두 소녀는  운명의 약속을 한다   둘이서 스타가 되자    무대에서 기다리고 있을께   평범한 즐거움  기쁨을 불살라  운명을 이루기 위해  겨우  살의 두사람은 운명을 용광로에   
30,극장판 소녀 가극 레뷰 스타라이트 론도 론도 론도,판타지,다이바 나나  중학교에서 혼자 연극부였던 그녀는 세이쇼 음악학원에서 처음으로 동료들과 함께 무대를 만드는 기쁨을 알게 된다  그 행복한 나날을 다시 한번  눈부심에 사로잡힌 나나는 수수께끼의 오디션에 합격하여  자신의 운명의 무대로  제  회 세이쇼축제   그  년간의 재상연을 바란다  하지만  같은 무대도  끝나지 않는 무대도 없다는것을 그녀는 아직 모른다 
31,포켓몬스터 XY MEGA EVOLUTION  최강 메가진화  Act ,판타지,최강이 되기 위해 여행하는 알랭  더욱 강해지기 위해 알랭은 메가링과 메가스톤을 걸고 메가진화 포켓몬 사용자와 토너먼트에 도전한다  배틀에 몰두하는 알랭  그런 알랭을 걱정하는 마농  그리고 마농의 파트너 또치는 정체를 알 수 없는 존재와 만나 큰 위기에 처하는데    이야기는 드디어 마지막 장  충격의 클라이맥스 절대 놓치지 말자  
32,BAKUMATSU 크라이시스,판타지,시간을 되돌리는 힘을 가진  시진의 를 두고 교토에서 벌어진 스사노오 사변  그것은 무겐사이였던 요시다 쇼인이 죽음으로써 마무리되었을 터였다  자신들의 스승인 요시다 쇼인의 무덤을 만들고 교토로 돌아온 타카스기와 카츠라  그들이 도착한지 얼마 지나지 않아 갑자기 굉음이 울리며 하늘에 금이 가더니 시공의 균열이 생겼고  그 균열 속에서 나타난 것은 분명 그때 부셨던 것이 확실한 시진의였다  게다가 시진의는 스스로 의지를 가진 채 움직였고  폭주하고 있었다  게다가 그들의 앞에 나타난 신선조 국장인 콘도 이사미에게서 그들의 주군은  대 무겐사이라는 충격적인 말을 듣게 되는데  되돌릴 것인가  지금을 바꿔나갈 것인가  돌이킬 수 없는 운명에 농락당하는 무사들의 새로운 이야기가 펼쳐진다 
33,반지의 기사 part  ,판타지,극히 평범한 대학생이었던 아마미야 유히는 어느 날 나타난 말하는 도마뱀에게 지구를 위기로부터 구하기 위해 협력할 것을 요청받았다  거부할 새도 없이 짐승 기사단의 일원이 된 유히는 반지의 힘으로 초능력인 장악영역을 사용할 수 있게 되었지만  너무 빠르게 적과 조우하고 말았다  절체절명의 순간에 유히를 구한 건 놀랍게도 이웃집에 사는 소녀 사미다레였다  구세주가 강림했다고 생각하려던 찰나  실은 사미다레는 지구 정복을 꿈꾸는 마왕이었고    그 말도 안 되는 강함과 마왕다운 매력에 끌린 유히는 그녀의 부하가 되었고  그녀가 그리는 별도의 계획에 가담하게 되었는데 
34, 더빙  극장판 원피스  기   오마츠리 남작과 비밀의 섬,판타지,바다에 떠 있는 유리병 속에 꽃과 보석상자 등이 잔뜩 그려진 오마츠리섬의 지도와  당신은 그랜드 라인을 항해하는  억 명 중에서 뽑힌 행운의 해적입니다  라는 편지가 함께 들어 있는 것을 발견한 밀짚모자 해적단  당연히 오마츠리섬으로 방향을 틀고 그곳으로 향하는데  루피 일행이 도착한 오마츠리섬은 너무나도 평범한 섬이다  일행 앞에 갑자기 등에 꽃을 피우고 있는 오마츠리 남작이 나타난다  지옥의 시련을 견디면 보물을 주겠다고 제안하는 남작의 말에 루피는 선선히 수락하지만  기상천외한 캐릭터들의 이상한 공격으로 밀짚모자 해적단 일행들이 하나씩 사라지는 최악의 상황 속에 빠져들게 된다 
35, 자막  극장판 원피스  기   진기한 동물섬의 쵸파왕국,판타지,바다에서 보물지도를 줍게 된 밀짚모자 해적단 루피 일행은 지도에 표시된 왕관섬으로 향한다  하지만 섬에 도착하자마자 발생한 화산의 분화로 인해 쵸파가 섬으로 날아가버리고 만다  쵸파를 찾으러 들어간 섬은 진귀한 동물들의 낙원이었다  전설에 따르면 이 섬의 보물은 섬에 사는 동물들의 뿔에 숨겨져 있다는 것이다  이를 알게 된 루피 일행  하지만 보물을 빼앗기 위해 해적 바토라 백작이 뿔을 가진 동물들을 잇따라 습격하고 있었다  마침내 루피 일행은 동물들의 편에 서서 백작과 전투를 벌인다 
36, 더빙  극장판 원피스  기   황금의 대해적 우난,판타지,멀지 않은 옛날 한 대해적이 있었는데  엄청난 황금을 모았고 그는 소리 없이 사라진다  한 소년이 우난은 아직 살아있을 거라며 우난의 부하가 되겠다고 뛰쳐나간다  꼬마의 할아버지는 사실 우난의 어릴 적 친구  꼬마는 바다에서 난파당하지만 루피 일행에게 건져지고 루피 일행과 꼬마 할아버지는 우난이 있는 곳으로 향한다  물론 악당은 우난의 황금을 노리고 올라오는 자들  해적왕을 꿈꾸는 소년 루피가 동료들과 원피스를 찾아 대모험을 펼치는 액션어드벤처   전설의 대해적 우난을 동경하는 소년 토비오를 만나게 된 루피 일행  그 앞길을 악마의 과일을 먹은 해적 엘도라도가 막아서고 있다 
37,요랑아 요랑아,판타지,천상의 축제일  드디어  소원의 책 이 완성된다  그러나 천상에 사는 꼬마 여우 요랑은 실수로 소원의 책을 잃어버린다   소원의 책 은 만 년 전에 봉인된 흑여우의 봉인을 풀 수 있는 힘을 지니고 있다  책이 사라지자 천상은 흑여우의 기운으로 뒤덮인다  잃어버린 소원의 책에 대한 소문으로는 지상에 내려와서 책의 겉모습이 바뀌었다는 것 뿐  요랑은 소원의 책을 찾기 위해 지상으로 내려오지만 책은 보이지 않고    년이라는 시간이 흐른다  책을 찾아야 하는 남은 기간은 앞으로  년  요랑은 여우골에서 한 소년을 만난다  소년의 이름은 강현  소년은 서울을 떠나 아빠와 함께 고향인 여우골로 이사를 왔다  강현과 요랑은 함께 소원의 책을 찾기 시작한다  한편  천상 세계에서는 흑여우의 봉인이 풀리기 시작하는데       
38, 더빙  원피스  에피소드 오브 나미  항해사의 눈물과 동료의 인연 ,판타지,나미의 배신  하지만 그녀의 배신에는 이유가 있다  갑자기 고잉 메리호를 훔쳐서 달아난 나미  루피  조로  우솝  상디는 나미를 찾아서 아론 파크로 떠난다  아론 파크는 아론이 지배하는 섬으로 마을 사람들은  년째 고통 받고 있다  나미는 마을을 구하기 위해   억 베리 를 모아 마을을 사겠다는 계약을 맺고 아론의 측량사로 일하고 있었다  이제 조금만 더 모으면 마을도 자신도 자유로워질 수 있을 거란 희망으로 버티고 있는 나미  하지만 그 희망은 절망으로 변하는데   
39, 더빙  극장판 원피스  기   저주받은 성검,판타지,칠성검과 보물이 숨겨진 아스카섬의 항구에 도착한 루피 일행  하지만 식료품을 구해서 고잉메리호로 돌아온 루피 일행을 기다리는 것은 사라져버린 조로  루피 일행은 조로를 찾기 위해 호수로 향하고  호숫가에서 마야라는 소녀에게 조로에 대해 물어보지만 도망쳐버리고 만다  일행은 모두 흩어지고  상디와 동료들은 해군과 함께 있는 조로와 대치하게 된다  루피 일행은 우연히 들어간 해군 도장에서 사범 사기와 그의 제자 토우마와 대치하다가 결국 우솝이 절벽아래로 떨어지고 만다  마을 사람들과 오해를 푼 상디와 그의 동료들은 마야의 할머니로부터 마을에 내려오는 전설을 전해 듣는다  그리고 마침내 백년에 한번 찾아 온다는 붉은 보름달 밤에 일어나는 무서운 일이 루피 일행을 덮치게 되는데 
40, 더빙  닌자보이 란타로   삼총사의 대모험   판권 부활,판타지,란타로  키마루  신베   독버섯 닌자 일당에게 빼앗긴 전설의 비서를 되찾아라   배려심과 책임감이 강한 란타로는 엘리트 닌자가 되기 위해 부모님을 떠나 닌자학교에 입학하는데  그 곳에서 힘쓰는 일에 앞장서는 먹보 신베  동전을 제일 좋아하며 멀리서 떨어지는 동전 소리도 식별해낼 수 있는 막강 집중력의 키마루를 만나 삼총사로 똘똘 뭉친다  여름방학이 끝날 무렵  큰 상점을 운영하는 대부호 신베 아버지는 서양 무역상으로부터 들여온 값비싼 연료 화석을 신베  단조를 시켜 짐꾼들과 함께 운반시키는데 그만 도중에 독버섯 닌자 두목 핫포 일당의 수면가스 공격으로 전부 빼앗기고 만다  여기에 전설로 내려오는 하늘을 날 수 있는 비약 제조법이 담긴 두루마리까지 핫포의 손에 들어가고  이를 알게 된 란타로  키마루  신베 무적의 삼총사는 사건을 해결하러 나서는데  
41,마스크 마스터즈,판타지,  세상을 평화롭게 지키기 위한   지혜  그를 상징하는   동상이 있었다  그러나 사악한  무스펠 이   동상을 테이커로 타락시키고 어둠의 힘으로 세상을 물들인다  이제 평화를 되찾을 희망은 하늘의 지혜를 수호하기 위해 마스크의 선택을 받은 자  마스크 마스터즈뿐이다 
42,신극장판 드래곤볼 슈퍼   브로리,판타지, 힘의 대회  후 평화를 되찾은 지구  그리고 더욱 강해지기 위해 수행에 몰두하고 있는 오공과 베지터 앞에 나타난 것은 지금까지의 그 어떤 적보다 강한 사이어인 브로리  엄청난 전투력으로 오공과 베지터를 무기력하게 만드는 브로리와 또 다시 지옥에서 돌아온 프리저까지 뒤얽혀 서로 다른 운명을 살아온 세 사이어인들은 처절한 전투를 시작하고 오공과 베지터는 최후의 선택으로 본인들의 한계를 뛰어넘는 퓨전을 시도하는데 
43,흐린 하늘에 웃다 외전     숙명 쌍두의 후마,판타지,과거 텐카에 킨조 시라스라 불렸던 남자  큰 뱀의 부활이 숙원인 후마 일족의 두령인 그는  쌍둥이 동생과   대 째 후마 코타로로서 일족을 이끌어오고 있었다  쌍둥이로 태어난 관습대로 한쪽이 죽어야 하는 운명이었던 그들은  서로를 자기 자신처럼 생각하면서도 마음속에는 각자 갖지 못한 것에 대해 서로 절망해왔다  숙제를 다 하지 못하고 동생을 잃은 시라스는 마음 속에 후마의 마을에서 지낸 날들을 떠올린다 
44, 더빙  극장판 원피스   기  밀짚모자 체이스,판타지,루피의 새로운 어드벤쳐  세기의 모험을 체감하라  스크린을 압도하는 해적단 필살기  논스톱    액션 퍼레이드  루피에게 일대 사건이 발생한다  어린 시절  동경의 대상인 해적  빨간 머리 샹크스 와 약속을 하고 맡았던 생명보다 더 소중한 보물인  밀짚모자가 홀연히 사라져버린 것이다   나는 해적왕이 되겠다  는 꿈을 가진 온갖 위기상황을 거쳐가면서도 한시도 몸에서 떼지 않았던 밀짚모자가 없어지다니   혈안이 되어 찾는 루피와 그 일행은 우여곡절 끝에 밀짚모자를 입에 문 독수리를 발견한다  하늘을 자유롭게 날아다니는 독수리를 쫓아  위대한 항로  그랜드 라인 의 위험 지대로 배를 몰게 된 사우전드 써니호  그리고 목적지에서 기다리고 있는 해군 기지  과연  밀짚모자 해적단  은 트레이드 마크인 밀짚모자를 되찾을 수 있을 것인가   루피의 끝없는 모험의 계기가 된 밀짚모자를 놓고  흥미진진 최강의 쟁탈전이 시작된다 
45,극장판 K Sevens Stories   Circle Vision  Nameless Song ,판타지,누구나가 바랐던 완벽하고 모든 것이 충실한 나날  그 행복한 하루는 끝없이 반복되고  그 안에 있는 사람들은 이윽고 위화감을 느끼기 시작한다  이것은 꿈이다  누군가가 만든 가짜이다  그리고 그 위화감은 의심을 넘어 확신이 되고   
46, 더빙  극장판 원피스  기   데드 엔드의 모험,판타지,항구 한니발에서 대해적들이 경쟁하는 레이스  데드엔드 가 열린다  루피 일행도 참가 신청서를 내지만 아무래도 유력한 우승 후보자는 전직 해군인 가스바데 장군이다  생명의 은인인 비에라의 목숨을 구하기 위해 아나구마는 필사의 노력을 하지만 배의 주인인 가스바데 장군은 해적들을 죽이고 그 현상금으로 약을 구하라는 이야기를 해줄 뿐 절대 도와주지 않는다  마침내 규칙도 없는 대망의 레이스가 시작되고 루피 일행은 악조건의 날씨 속에서 레이스를 펼친다  잠시 휴식을 취하는 사이 아나구마가 루피 일행을 덮치지만 실패로 돌아가고  절벽으로 둘러싸인 해협에서 해군의 갑작스런 습격을 받아 알 수 없는 길로 빠져든다 
47, 더빙  원피스  에피소드 오브 메리  또 하나의 동료 이야기 ,판타지,밀짚모자 일당의 시작을 함께 한 또 하나의 동료  고잉 메리호   기적 같은 순간의 이야기  프랑키를 도와 써니호의 도크 시설을 점검하던 우솝  쵸파  브룩은 미니 메리  호를 타고 나가게 된다  즐거운 시승 도중 문득 미니 메리의 이름 유래를 궁금해하는 브룩  우솝과 쵸파는 브룩이 고잉 메리호를 알지 못한다는 사실을 그제서야 깨닫고 메리호의 이야기를 들려주기 시작한다  밀짚모자 일당의 시작을 함께 했던 소중한 또 하나의 동료  메리의 이야기가 추억 속에서 되살아나는데  
48, 더빙  극장판 원피스  기   사막의 공주와 해적들,판타지,그랜드 라인을 따라 설화 왕국을 향해 돌진하는 고잉 메리 호  거기에는 아라바스타 왕국의 공주 비비도 있었다  사막의 나라라고 하는 그 왕국은 악의 무리인 비밀 결사의 암약으로 인해 붕괴 위기에 직면한다  비비는 이 조직의 정체를 파헤치기 위해   년 전 나라를 빠져 나오고  곧 악의 근원이 이 나라의 영웅이 된다  한편 루피  조로  나미  우솝  상디  쵸파라는 든든한 동료를 얻은 공주 비비는 그녀의 아버지이기도 한 국왕 코브라와 왕국의 백성들을 구하기 위해 나서는데 
49, 더빙  티티체리,판타지,안녕  내 이름은 체리  요즘 우리동네에 이상한 일들이 벌어지고 있어  못된 마법사 니노스가 귀여운 퍼즈니멀들을 가두는 바람에 지구에 이상한 일들이 벌어지는 거래  퍼즈니멀을 구하려면 수수께끼의 방탈출을 해야해  우리 티티 크루와 함께 퍼즈니멀을 구하러 떠나보지 않을래 
50,흐린 하늘에 웃다 외전     벚꽃  천망의 가교,판타지, 형제 중 장남 쿠모 텐카가 오쓰 시를 벗어나고 둘째 소라마루와 셋째 츄타로가 집안의 명예를 잇는다는 것의 무게감을 느끼기 시작했을 때  훈련 중인 소라마루와 타케다 라쿠쵸를 심상치 않은 자가 공격한다  그 남자의 힘과 몸놀림  그리고 웃는 모습이 텐카와 닮았다  몸에는 뱀의 비늘이  남자의 행방을 쫓던 중에 예상하지 못한 비밀을 알게 된 소라마치  그들의 앞에는 아베노 소우세이와 타카미네 세이치로가 나타나는데  
51,디지몬 세이버즈  기   궁극파워  버스트 모드 발동  ,판타지,인간에 대한 증오로 인간들을 잠재워버린 아르고몬  하지만 인간과 디지몬이 함께 살아갈 수 있다고 믿는 아구몬과 리즈무는 아르고몬에 맞서 싸운다 
52,Fate Grand Order  신성원탁영역 카멜롯  Wandering  Agateram,판타지,길고도 긴 여행이었다   유랑의 기사가 맞이하는 여행의 끝  서력     년 예루살렘  과거의 벗과 칼을 겨누게 된다 해도  먼 옛날의 과오와 마주하게 된다 해도  최후의 충절을 다하기 위해 베디비어는 열풍이 불어닥치는 모래의 대지 위를 걷는다  이것은 한 기사의 이야기 
53,신 테니스의 왕자   BEST GAMES   VOL  ,판타지,    년  테니스의 왕자  연재   주년 기념  수많은 명승부들 중 특히나 주목받은 대결만을 모은 베스트 게임즈 프로젝트 제 탄   이누이   카이도  시시도   오오토리  관동대회  회전    세이가쿠    효테이 서로의 레벨 업을 위해 뭉친 이누이   카이도 페어와 레귤러 탈환을 위해 뭉친 시시도   오오토리 페어  각자가 만족할 수 있는 시합이란 무엇인가   오오이시   키쿠마루    니오   야규  관동대회 결승전    세이가쿠    릿카이 당당히 부활한 세이가쿠 골든페어를 혼란스럽게 압박해 오는 야규   니오 페어  복식의 무한한 가능성을 보여줄 수 있을까  온 진심을 다해 시합에 임하는 최고의 복식조와 만난다 
54, 자막  토리코   미식신의 스페셜 메뉴,판타지,세계 최고의 식재료를 찾아 헤매는 토리코의 식신로드  토리코에게 먹은 자의 마음을 채워준다는 전설의 메뉴  아카시아의  스페셜 메뉴 를 찾아달라는 의뢰가 들어온다
55, 더빙  극장판 테니스의 왕자  영국식 테니스성 결전,판타지,줄거리 정보가 없는 작품이에요 
56,이상한 과자가게 전천당,판타지,과자를 산 사람의 운명을 바꿀 수 있는 이상한 과자 가게  전천당에서 펼쳐지는 신기한 이야기
57, 더빙  극장판 원피스  기   네지마키 섬의 모험,판타지,애지중지하던 고잉메리호를 도둑맞은 루피 일행은 세계 제일의 도둑이라고 소개하는 보로드와 아키스 형제를 만난다  그들에게 고잉메리호가 세계에서 가장 비싼 시계  다이아몬드 클락이 있는 태엽섬에 있다는 사실을 알게 된다  루피 일행은 고잉메리호와 함께 납치당한 나미를 구하기 위해 트럼프 군단이 있는 태엽섬을 향해 떠난다  나미는 적의 대장인 베어킹에 의해 강제로 결혼을 당할 상황에 빠지게 되고  트럼프 군단의 공격에 의해 상디  우솝  조로마저 잡혀버리고 만다  눈 하나 깜짝하지 않고 루피 일행을 몰살하려는 그들의 음모에 루피의 분노가 폭발하고  두목 베어킹과의 일대 전투가 벌어진다 
58,메이드 인 어비스 총집편   여행의 새벽,판타지,전 세계 구석구석 모든 것이 샅샅이 밝혀진 세계에서 유일하게 남겨진 비경  어비스    어비스 는 어디까지 이어져 있는지 모를 깊고 거대한 그 구멍으로  기묘하고 기괴한 생물들이 살고 있으며 현재의 인류로서는 만들어낼 수 없는 귀중한 유물들이 잠들어 있는 곳이기도 하다  사람들은 신비로운 어비스의 모습에 매료 당했고  그곳으로 모험을 떠났다  어비스에 도전하는 모험가들이 점차 모여 심연의 가장자리에  오스 라는 마을이 만들어졌다  오스에 사는 고아 소녀 리코는 잃어버린 엄마처럼 어비스의 수수께끼를 풀어내는 것을 꿈꾼다  그러던 어느 날  리코는 어비스를 탐색하던 중  소년의 모습을 한 로봇을 줍게 되는데   
59,극장판 K Sevens Stories   SIDE   BLUE  천랑과 같이 ,판타지,선대 청의 왕의 측근이었던 자료실에 틀어박혀 소일거리를 하며 지내고 있었다  끝끝내 전선 복귀를 고사하는 젠죠에게 어느날 무나카타가 한 가지 부탁을 한다  그렇게 대원들의 검도 훈련을 지켜보던 젠죠는 쿠스하라라는 어린 대원에게 눈길을 주고   
60,메이드 인 어비스 총집편   방랑하는 황혼,판타지,오스에 사는 고아 소녀 리코는  언젠가 엄마와 같은 위대한 탐굴가가 되어 어비스의 수수께끼를 풀어내는 것을 꿈꾸고 있었다  어느 날  어머니  라이자의 백피리 가 발견된 것을 계기로  어비스의 깊은 곳을 모험하기로 결의하는 리코  리코가 주운 기억상실 로봇 레그도 자신의 기억을 찾아 함 께 가기로 결심한다  심계사층에서 타마우가치의 독에 시달리는 리코  리코를 구한 것은 오래된 나나치였다  나나치를 동료로 리코와 레그는 더 깊은 심계오층으로 떠나는데   
61,신 테니스의 왕자   BEST GAMES   VOL  ,판타지, 테니스의 왕자  연재   주년 기념  수많은 명승부들 중 특히나 주목받은 대결만을 모은 베스트 게임즈 프로젝트 대망의 마지막 결전  빈틈 없는 플레이를 보여주는 세이가쿠 천재 후지와 이에 맞서는 릿카이  학년 에이스 키리하라  키리하라는 승리에 무서운 집착을 보이며 후지를 궁지로 몰아붙인다  관동대회 결승전에서 펼쳐지는 두 사람의 치열한 접전  동료를 위해  그리고 스스로를 위해 서로의 한계를 넘어서는 시합이 지금 시작된다 
62, 더빙  극장판 원피스  기   에피소드 오브 쵸파,판타지,사우전드 써니호를 타고 그랜드 라인을 힘차게 달리는 밀짚모자 해적단  항해 중에 나미가 원인 불명의 고열로 쓰러진다  의사를 찾아 루피 일행이 도착한 곳은  드럼 왕국   이 나라에  닥터 준 이라는 의사가 있다고 듣고 루피는 설산의 성으로 향한다  거대 토끼의 습격과 눈사태를 겨우 빠져 나가 정상인 성에 도착하지만  그 사이에 힘이 다해버린 루피 일행  그때 위기에 빠진 일행을 도운 존재가 바로 지금의 쵸파  사람의 꿈을 비웃는 악당에게 일갈하는  절박한 루피의 외침이 울린다   너 따위가 웃고 꺾어도 좋은 깃발이 아니야  해적 깃발에 담긴 한 남자의 뜨거운 마음이 지금이 섬에 기적을 일으킨다  
63, 더빙  요괴학원Y  N과의 조우 ,판타지,초 엘리트학교  학원에는 수많은 수수께끼가 존재한다  그 수수께끼에 직면하게 된  지묘한이 이끄는      클럽   그들은  요괴      로 변신 할 수 있다  그런     클럽에 사상 최대의 수수께끼 풀이 미션이 내려진다    깜짝 놀랄 개그 가득  눈물 나는 감동 전개  아직 보지 못한 새로운 경험이  너를 기다리고 있다 
64, 더빙  극장판 원피스  기   기계태엽성의 메카 거병,판타지,거센 폭풍우를 헤치고 구사일생으로 살아난 루피 일행  침몰 직전에 있는 해적선에서 커다란 보물 상자를 발견하고 두근두근 기대에 부풀어 상자를 열어보지만 안에서 나온 것은 보물이 아닌 번쩍거리는 황금니의 할머니 로바뿐  해적들에게 도망쳐 보물 상자에 숨어있던 로바는 또다시 흉악한 해적들에게 잡힌 것이라 생각하고  신비한 전설 속의 보물인 바다 왕의 황금왕관이 있는 곳을 알려줄 테니 목숨만 살려 달라고 애원한다  보물 이야기에 눈이 휘둥그래진 루피 일행은 로바가 가지고 있던 거북이 나침반을 따라 전설 속 신비의 보물이 숨겨진 섬을 향해 떠난다  메카섬이라고 불리는 그 곳은 이름과 달리 조용하고 아름다운 섬으로  이곳은 로바 할머니의 아들이자 기계태엽성의 성주인 꽃미남 라체트가 지배하고 있다  루피 일행이 메카섬에 다다르자 라체트는 이들을 침입자로 간주하고 섬의 최첨단 방어 시스템을 작동시키고  고무동력기를 이용해 로바만 데리고 홀연히 사라져 버린다  당황해 할 겨를도 없이 루피 일행의 눈 앞에는 수천 개의 화살이 쏟아지기 시작하는데   루피 일행은 라체트의 최첨단 방어 시스템을 뚫고 메카섬의 전설 속 보물을 과연 손에 넣을 수 있을 것인가 
65,북두의 권 DD,판타지,    년 세기말  지구는 전쟁도 자연파괴도 없이 평화에 둘러싸여 있다  무대는 평화로운 일본   세기말의 구세주 가 되어 모두로 부터 선망의 신선을 받았어야 하는 켄시로는 완전히 기대가 어긋났고  북두신권을 주체 못하고 쓰는 바람에 해고를 당한다  일을 찾는 그를 구한건 고교생 린  린이 켄시로를 데리고 편의점 엔스스토어로 들어가니 거기엔 켄시로와 같이 평화의 세상에서 전혀 순응하지 못한 형제 라오우와 토키가 있고  대학생 바트도 등장  마을의 편의점을 무대로 세상을 모르는 북두의 형제들이 펼치는 장난스런 북두신권 코미디다
66,유희왕 세븐즈,판타지,줄거리 정보가 없는 작품이에요 
67,극장판 K  Sevens Stories  LOST Small World  우리 저편에 ,판타지,줄거리 정보가 없는 작품이에요 
68, 자막  토리코 x 원피스 콜라보 스페셜,판타지,토리코와 원피스의 특급 콜라보레이션 스페셜판  미식가 토리코와 해적왕을 꿈꾸는 루피의 신비한 모험 이야기
69,너는 저편에,판타지,미오는 소꿉친구인 아라타가 신경쓰이지만 마음을 전하지 못하고 미묘한 관계를 유지하고 있었다  어느 날  사소한 친구의 말을 계기로 둘은 싸우게 되었고  화해를 하기 위해 아라타에게 향하던 미오는 교통사고를 당하고 만다  의식을 되찾아 눈을 뜬 미오의 눈 앞에 이상한 세계가 펼쳐지고  그곳에서 만난 이상한 가이드 기몬과 수수께끼의 여자아이 키쿠와 함께 미오는 아라타가 있는 곳으로 돌아가기 위한 유일한 수단  소중한 추억 속의  잃어버린 물건 을 찾아 다니게 된다 
70,BLUE REFLECTION RAY part  ,판타지,이것은 빛나는  마음 을 하나로 잇는 이야기  기쁨  슬픔  분노  사람의 감정은  누구나 가지고 있지만 눈에는 보이지 않는 힘  그 힘은 때로는 세계마저 바꿔버릴지 모른다  언제나 긍정적이고 곤란에 처한 사람이 있으면 지나치지 못하는 히라하라 히오리와 사람들과 어울리려 해도 그 방법을 알지 못해 서투른 하나리 루카  서로 정반대라고 할 수 있는 두 소녀의 만남은 그녀들 자신을  그리고 세계를 어떻게 바꿔놓을 것인가  그렇게 새로운 세계가 시작된다 
71, 더빙  원피스 스탬피드,판타지,해적의  해적에 의한  해적을 위한 세계 최고의 축제 해적 박람회  루피를 비롯한 밀짚모자 일당과 해적들은 축제꾼  부에나 페스타 의 초대장을 받고   년 만에 부활한 세계 최고의 축제 해적 박람회에 모여든다  해적왕 로저가 남긴 전설의 보물을 찾기 위한 해적들의 보물 쟁탈전이 시작되고   괴물의 후계자 라 불린 사나이  더글라스 불릿 이 난입해 밀짚모자 일당 앞을 가로막는다  해적들과 해군  칠무해  혁명군까지 가세해  불릿 과 유례없는 대전투가 벌어지고  보물 쟁탈전과 해적 박람회는 한 치 앞도 예측할 수 없는 혼란 속으로 빠져드는데   
72,극장판 K Sevens Stories   메모리 오브 레드  BURN ,판타지,줄거리 정보가 없는 작품이에요 
73,모노노케 히메,판타지,지키려는 대자연의 신들과 인간들과의 피할 수 없는 싸움이 시작된다  북쪽의 끝  에미시족의 마을에 어느 날 갑자기 재앙 신이 나타나 마을을 위협한다  이에 강한 힘을 소유한 에미시족의 후계자인  아시타카 는 결투 끝에 포악해진 재앙신을 쓰러트리지만 싸움 도중 오른 팔에 저주의 상처를 받고 죽어야 할 운명에 처하게 된다  결국  재앙신의 탄생 원인을 밝혀 자신의 저주를 없애기 위해 서쪽으로 길을 떠난  아시카타 는 여행 중에  지코 라는 미스테리한 수도승을 만나 재앙 신이 생겨나게 된 이유가 서쪽 끝에 있는  시시 신의 숲과 관련이 깊다는 이야기를 듣게 되고 한시 바삐 서쪽으로 향한다  한편  서쪽 끝  시시 신의 숲 건너편에 위치한  타타라 마을의 군주  에보시  일행은 식량을 수송하던 중 거대한 들개의 신  모로  일행에게 습격을 당해 큰 타격을 입지만 강력한 무기인 총포를 사용하여 위기를 모면한다  때 마침  시시 신의 숲의 계곡을 지나던  아시타카 는 물살에 떠밀려온  에보시 의 부하들을 구하게 되는데 먼발치서 자신을 지켜보는 들개 신  모로 와 그의 옆에서  모로 의 곁에서 상처를 치료해주는 신비스러운 소녀를 보게 되고 묘한 느낌을 받게 된다  자신이 인간임을 부정하는 원령공주  산      아시타가 와의 운명적인 만남을 갖다    귀빈 대접을 받으며  타타라 마을에 머물게 된  아시타가 는 재앙신이  에보시 의 총에 맞은 멧돼지 신이었다는 사실과 재앙신의 저주가 숲을 파괴하려는 인간들 때문이라는 것을 알게되고 깊은 실의에 빠진다  순간  적의 침입을 알리는 북소리가 울려 퍼지고  아시타카 는 총을 든 사수들과 함께 현장으로 달려가는데 마을을 습격하고 있는  원령공주 가 바로  아시타카 가 숲에서 만난 소녀임을 알고 당황하게 된다  분노에 가득 찬 눈으로 으르렁거리며 사람들을 공격하던  원령공주 는  에보시 의 목을 노리며 달려오지만 총포로 무장한  에보시 의 부하들은 그녀를 향해 총구를 겨누는데   순간  망설이던  아시타카 는  원령공주 를 구해 마을을 빠져나간다  숲과 산을 짓밟아 터전을 넓히려는 인간들과 그들의 야욕에 분노의 재앙신으로 변한 멧돼지를 비롯한 대자연과의 처절한 사투    그리고  그 전쟁의 중심에서 자연의 편에 선  원령공주 와 그녀의 목숨을 구해 숲으로 들어온  아시타카     두 사람은 이제 어느 편에 설 지를 결정을 내려야만 하고 인간들은 최강의 군대를 동원하여  시시 신의 숲으로 진격을 시작하는데   
74, 자막  토리코 x 원피스 x 드래곤볼 Z 최강 콜라보 스페셜,판타지,토리코와 원피스의 특급 콜라보레이션 스페셜판  미식가 토리코와 해적왕을 꿈꾸는 루피의 신비한 모험 이야기
75,쁘띠쁘띠 뮤즈,판타지,이제 막 사춘기에 접어든 초등학교  학년 쌍둥이 소녀 아라와 아리  모델이 되고 싶은 아라와 디자이너가 꿈인 아리는 엄마가 외출한 틈을 타 엄마의 옷과 신발  화장품 등으로 자신들만의 패션쇼를 벌이다 그만 실수로 엄마가 가장 아끼는 스카프를 망가뜨리는 사고를 내고 만다  아라는 마법이 있다면 얼마나 좋을까 하면서 마법으로 스카프를 고치는 흉내를 내는데  그 순간 갑자기 마법이 발동하면서 엄마의 스카프가 사라지고 만다  한편 천상 디자이너 출신 요랑이는 황실의 드레스를 망가뜨린 죄로 지상과 천상을 연결하는 문을    년간 지키는 벌을 받는다  드디어    년의 시간을 채우고 천상으로 돌아갈 기대감에 들떠있던 요랑이는 자기도 모르게 지상과 천상을 연결시키고  스카프를 찾아 헤매다 우연히 그곳에 있었던 아라와 아리는 호기심에 이끌려 요랑의 가게에 발을 들이게 된다  신기한 옷과 액세서리들에 정신이 팔린 아라와 아리  그런 한편으로 쌍둥이를 자신의 후임 문지기라고 생각해버리는 요랑  그러다가 아라와 아리는 결국 호기심을 주체하지 못해 마법 아이템을 착용하고 변신을 하게 된다  요랑이는 곧 자신이 시간 계산을 잘못한 것을 알게 되고 어쩔 수 없이 쌍둥이와 함께 지내야 하는 운명에 처한다  이전부터 패션과 꾸미기에 관심이 많았던 쌍둥이는 새로이 얻게 된 마법능력을 사용해 물 만난 고기마냥 신이 나서 마법을 사용한다  그런 와중에 아라와 아리에게 좋아하는 사람이 생기면서  그렇게 친하던 쌍둥이에게도 서로에게 말 못할 비밀과 빈틈이 생기기 시작하는데   
76,극장판 K Sevens Stories   SIDE   GREEN  덮어쓴 세계 ,판타지,선대 청의 왕의 측근이었던 자료실에 틀어박혀 소일거리를 하며 지내고 있었다  끝끝내 전선 복귀를 고사하는 젠죠에게 어느날 무나카타가 한 가지 부탁을 한다  그렇게 대원들의 검도 훈련을 지켜보던 젠죠는 쿠스하라라는 어린 대원에게 눈길을 주고   
77, 자막  펭귄 하이웨이,판타지, 이 수수께끼도 풀어 보렴  어때  할 수 있겠어   한편  아오야마와 그의 연구 친구인 우치다에게 같은 반 친구 하마모토가 숲속 초원에 떠 있는 투명하고 커다란 둥근 물체의 존재에 대해 알려준다  골목대장 스즈키 일행이 훼방 놓아도  펭귄과 그 둥근 물체인  바다 의 연구를 이어가는 아오야마와 친구들  마침내 아오야마는  바다 와 펭귄  그리고 누나에게는 어떠한 연결고리가 있지 않을까 하고 생각한다  그러던 어느 날  누나의 몸 상태에 이상한 변화가 일어나고  동시에 이상한 현상이 마을을 덮친다  마을에 대피 지시가 내려지고  아오야마는 어느  한가지 가설 을 가지고 뛰기 시작한다  과연 누나와 펭귄  그리고  바다 의 수수께끼는 풀릴 것인가 
78, 더빙  낮잠공주   모르는 나의 이야기,판타지,꿈을 꾸는 데는 이유가 있다 꿈과 현실을 넘나드는 판타지 로드무비  작은 시골마을에서 아빠와 둘이 사는 평범한 여고생 코코네  요즘 들어 자신을 닮은 소녀가 나오는  똑같은 꿈을 계속 꾼다  희한한 꿈과 대학 진학  가족 등 고등학교 마지막 여름방학을 앞두고 생각이 많지만 그런 마음을 아는지 모르는지 무뚝뚝한 아빠는 자동차 개조에만 열중한다  그러던 어느 날 아빠가 경찰에 체포되어 도쿄로 연행된다  코코네는 아빠를 찾기 위해 소꿉친구 모리오를 이끌고 무작정 도쿄로 향하고 반복되는 꿈속에 사건을 해결할 열쇠가 있다는 사실을 깨닫게 된다  결국 꿈속에서  나 와 가족의 비밀을 보게 되는데  그 여정의 끝에 있는 작은 진실은  
79, 더빙  극장판 원피스  기   진기한 동물섬의 쵸파왕국,판타지,바다에서 보물지도를 줍게 된 밀짚모자 해적단 루피 일행은 지도에 표시된 왕관섬으로 향한다  하지만 섬에 도착하자마자 발생한 화산의 분화로 인해 쵸파가 섬으로 날아가버리고 만다  쵸파를 찾으러 들어간 섬은 진귀한 동물들의 낙원이었다  전설에 따르면 이 섬의 보물은 섬에 사는 동물들의 뿔에 숨겨져 있다는 것이다  이를 알게 된 루피 일행  하지만 보물을 빼앗기 위해 해적 바토라 백작이 뿔을 가진 동물들을 잇따라 습격하고 있었다  마침내 루피 일행은 동물들의 편에 서서 백작과 전투를 벌인다 
80, 자막  토리코  D   개막  구르메 어드벤쳐,판타지,미식헌터 토리코를 찾아 구르메 시장을 찾아온 소년 패크  패크는 톰의 도움으로 토리코가 있다는 섬에 도착한다 겨우 토리코를 만나게 된 패크는 그에게 자신의 마을을 쑥대밭으로 만든 괴조 게롤드를 처치해달라 부탁하는데  
81,낮잠공주   모르는 나의 이야기,판타지,꿈을 꾸는 데는 이유가 있다 꿈과 현실을 넘나드는 판타지 로드무비  작은 시골마을에서 아빠와 둘이 사는 평범한 여고생 코코네  요즘 들어 자신을 닮은 소녀가 나오는  똑같은 꿈을 계속 꾼다  희한한 꿈과 대학 진학  가족 등 고등학교 마지막 여름방학을 앞두고 생각이 많지만 그런 마음을 아는지 모르는지 무뚝뚝한 아빠는 자동차 개조에만 열중한다  그러던 어느 날 아빠가 경찰에 체포되어 도쿄로 연행된다  코코네는 아빠를 찾기 위해 소꿉친구 모리오를 이끌고 무작정 도쿄로 향하고 반복되는 꿈속에 사건을 해결할 열쇠가 있다는 사실을 깨닫게 된다  결국 꿈속에서  나 와 가족의 비밀을 보게 되는데  그 여정의 끝에 있는 작은 진실은  
82,마녀 배달부 키키,판타지,완벽한 마녀가 되기 위한 초보마녀 키키의 특급 배달 작전이 시작된다   그래  결심했어  오늘 떠나는 거야   마녀인 엄마와 인간인 아빠 사이에서 태어난 소녀  키키 는   살이 되던 만월의 어느 밤  검은 고양이  지지 와함께 마녀 수행을 떠난다  불안한 비행으로 첫 출발한  키키 는 갑작스런 폭우에 비를 피하기 위해 기차에 숨어들고 이른 아침 기차 밖으로 보이는 넓은 바다 근처 항구도시를 보고 앞으로 이곳에서 살기로 결심한다   지지  우리 이제 배달을 해서 돈을 벌자   마을에 착륙하려던  키키 는 실수로 차도로 뛰어들어 교통을 엉망으로 만들고 이때 나타난  톰보 라는 소년의 도움을 받아 위기를 벗어난다  새로운 마을이 낯설기만 한  키키 는 친절한  오소노  아줌마의 도움으로 살 집과 배달 일을 하기 위한 전화기를 공짜로 얻게 된다  이제  키키 의본격적인 홀로서기가 시작된다   마법의 힘이 사라졌어   비행 능력으로 마을 이곳 저곳의 배달 일을 도맡게 된  키키 는 이제 어느 덧 마을에도 익숙해져 가고 배달 일 역시 재밌게 느껴진다  그러던 어느 날  키키 는 갑자기 마법 능력을 잃게 되고 급기야 하나 뿐인 마법 지팡이마저 부러지게 된다  과연  키키 는 마법의 힘을 되찾고 진정한 마녀가 될 수 있을 것인가   캐릭터 소개  호기심 많은 초보 마녀  키키  밝고 착한 성격의 초보마녀  키키 는   살이 되면 집을 떠나 자신이 살 마을을 정해야 한다는 마녀 계의 규칙에 따라   살이 되던 만월의 밤에 특별한 여행을 떠나고 타고난 씩씩함과 모험심으로 온갖 역경을 헤쳐나간다  사춘기 소녀인데도 어른을 대할 때  혼자 있을 때  또래를 대할 때 각각 말투가 다른 것이 특징   지지   키키 의 수호천사 시니컬 한 검은 고양이 마녀는 여자아이가 생기면 같은 시기에 태어난 검은 고양이의 수컷을 찾아 함께 키우는 관습이 있다   지지 는  키키 와 같은 해에 태어난 수컷 고양이로  키키 의특별한 여행에 동행하게 된다  하늘을 나는 것이 꿈인 쾌활한 소년  톰보   톰보 는  키키 가 새로운 마을에 도착해 처음 사귄 친구이다  마녀인  키키 를동경하며 다른 한편 짝사랑하기도 하는  톰보 는  키키 가마을에 잘 적응할 수 있게 도와주는 믿음직스런 친구이다   오소노  마음씨 좋은 빵집 여주인  키키 가 마을에 도착하여 첫 배달 일을 시작할 수 있게 도와주는  키키 의 든든한 지원자  세상물정을 아는 사람이지만 다른 사람에게 강요하는 것이 전혀 없는 서글서글한 타입이다  초보마녀의 특별한 모험이 시작된다   태양과 같이 밝은 소녀의 모습을 통해서 사람들이 행복을 느낄 수 있다면 좋겠다     미야자키 하야오  오로지 수작업 고수  지브리 스타일로 공들여 완성된 밑그림      컷   만장의 경이적인 수치를 통해 탄생한 실사보다 더 사실적인 인물묘사  현대 기술의 발달로 실사를 능가하는   애니메이션이 탄생되는 요즘 미야자키 하야오 감독은 자신만의 스타일을 고집해 애니메이션의 기본이 되는 밑그림부터 동화까지 모든 과정을 수작업으로 해낸다  이처럼 미야자키 하야오 감독이 수작업을 선호하는 것은 꽤 알려진 사실   마녀 배달부 키키  또한 컴퓨터 그래픽으로는 표현할 수 없는 동양적인 선의 표현과 살아있는  키키 의 움직임 묘사를 위해 무려     컷의 밑 그림 스케치에 동화  만장이 사용됐다  미야자키 하야오 감독은 평면적인 그림 속에 사춘기 소녀의 세세한 감정이나 동작을 그리기 위해서 방대한 양의 동화를 그릴 수 밖에 없었다고 한다  이처럼 수많은 컷과 정성으로 정교하게 만들어진  마녀 배달부 키키 는 고풍적인 시가지의 모습과 어울려 살아 움직이는 듯한 캐릭터를 만들어 냈다 
83, 자막  토리코 x 원피스 콜라보 스페셜  ,판타지,토리코와 원피스의 특급 콜라보레이션 스페셜판  미식가 토리코와 해적왕을 꿈꾸는 루피의 신비한 모험 이야기
84,이웃집 토토로,판타지,    년 일본의 아름다운 시골 마을  상냥하고 의젓한   살 사츠키와 장난꾸러기에 호기심 많은  살의 메이 는 사이좋은 자매로 아빠와 함께 도시를 떠나 시골로 이사온다  자상한 아빠 쿠사카베타츠오는 도쿄에서 대학 연구원이며  입원 중이지만 따뜻한 미소를 잃지 않는 엄마가 있다  곧 퇴원하실 엄마를 공기가 맑은 곳에서 맞이하기 위해서다  숲 한복판에 금방이라도 쓰러질 것처럼 낡은 집을 보며 자매는 새로운 환경에 대한 호기심으로 잔뜩 들뜬다  사츠키가 학교에 간 뒤  혼자 숲에서 놀고 있던 메이는 눈 앞을 지나가는 조그맣고 이상한 동물을 발견한다  그리고 뒤를 쫓아 숲속으로 들어가는데    미로처럼 꼬불꼬불한 길을 따라가다 큰 나무 밑둥으로 떨어지는 메이  그곳에서 메이는 도토리 나무의 요정인 토토로를 만난다  메이는 사츠키가 돌아오지마자 토토로를 만난 것을 자랑하지만 사츠키는 믿지 않는다  그러나 비가 몹시 쏟아지던 날  정류장에서 우산을 들고 아빠를 기다리다가 사츠키도 토토로를 만나게 된다  비를 맞는 토토로에게 우산을 빌려주자 토토로는 답례로 도토리 씨앗을 건넨다  토토로와의 만남으로 행복감에 부풀어있는 사츠키와 메이  그러나 그때 병원에서 어머니의 퇴원이 연기되었다는 전보가 온다  불안해하는 메이는 혼자 엄마를 찾아 병원으로 떠났다가 길을 잃는다  온 동네를 뒤졌지만 메이는 흔적조차 없고 저수지에선 어린 여자아이의 샌달이 발견된다  사츠키는 메이를 찾기 위해 애타게 토토로를 부르는데 
85,극장판 이세계 콰르텟   어나더 월드,판타지,교실에 갑자기 나타난 웜홀로 빨려 들어 간  반 멤버들은 또 한번 이세계로 전이된다  그들이 도착한 곳은 폭주하는 골렘이 가득한 황폐한 세계  그곳에서 만난 의문의 안대 소녀  팡타그뤼엘  의문의 여군  베라 미트로히나  의문의 남자  알렉   복잡한 운명이 얽히는 이세계에서 갑자기 흩어진  반 멤버들은 모두 원래 세계로 돌아갈 수 있을까  이세계 유니버스  극장에서 어셈블 
86,아리떼 공주,판타지,때는 중세  공주는 성의 높은 탑의 맨 위의 작은 방에 틀혀박혀  그 얼굴을 사람들 앞에 보이지 않는다  그리고 신랑이 될 남성이 나타나는 날까지 순수한 몸으로 계속 지내야하는 것이 사명이다  하지만 그녀 아리떼 공주는 탑 창문에서 내려다 본 성 아래의 마을에 살고 있는 사람들의 모습을 보고는 사는 것에 대한 의미를 생각하고 있었다  어느 날 고문서를 읽으면서 숨겨진 빠져나갈 구멍을 찾아 맞춘 그녀는 성을 빠져나와서 마을로 간다  성 아랫마을은 직업인들의 세계  그 하나 하나의 손이 의미 있는 것을 만들어내는 모습은 마치 마법을 보는 거 같다  인간의 손에는 이 정도의 가능성이 있다  그렇다면 내 손으로도 할 수 있는 무언가가   
87,귀를 기울이면,판타지,     년   월  일 공개 예정입니다   중학생  학년 츠키시마 시즈쿠는 독서를 좋아하는 평범한 소녀이다  시즈쿠는 주로 학교 도서관이나 아버지가 근무하는 도서관에서 책을 읽는데  어느 날 언제나처럼 도서관에서 책을 읽다가 우연히 도서카드에서  아마사와 세이지 라는 이름을 발견한다  그녀는 아마사와 세이지가 같은 학교 동급생이라는 것을 금방 알게 되었지만  여전히 세이지에 대한 의문은 남았다  어느 날  시즈쿠는 도서관으로 가던 길에 도로에서 이상한 고양이를 발견하고 뒤쫒는다  고양이는 작은 골동품 가게  지구옥 으로 들어가버리고  시즈쿠는 고양이를 따라 들어간 가게에서  니시 시로 라는 노인을 만난다  노인은 세이지의 할아버지로  그는 바이올린 장인이었다  세이지는 그런 할아버지를 따라 바이올린 장인이 되고 싶다는 꿈을 꾸며  이를 위해 이탈리아로 유학을 가고 싶다고 한다  확고한 꿈과 계획을 가진 세이지에 비해 장래에 대한 어떠한 목표도 없는 시즈쿠  그런 시즈쿠는 자신의 꿈을 찾기 위해 이야기를 쓰기 시작한다 
88,돌격  사랑의 레볼루션 Episode   ,판타지,귀여운 미소녀 러블리걸과 고양이 팬티우스의 악당 퇴치기 
89, 자막  지브리 컬렉션 vol   ,판타지,라프텔에 지브리 라인업 두 번째 상륙   바람계곡의 나우시카    모노노케 히메    이웃집 야마다군    센과 치히로의 행방불명    고양이의 보은    마루 밑 아리에티    가구야 공주 이야기 로 구성된  지브리 컬렉션        
90,스푸키즈 시즌  ,판타지,인기척이 사라진 깊은 밤의 초등학교  학교 곳곳에 숨어있던 스푸키즈가 하나  둘씩 모이고 그들만의 수업을 시작한다 
91,극장판 마법천자문  대마왕의 부활을 막아라,판타지,혼세마왕은 강력한 한자마법을 통해 마법천자문 조각을 빼앗으려 한다  이를 막기 위해 보리선원에 입단해 한자 마법을 익히는 손오공  나날이 실력이 늘어가지만 손오공의 친구인 돈돈도 혼세마왕에게 잡혀가게 된다  혼세마왕의 힘은 점점 강해지고    드디어 혼세마왕은 마법천자문 조각을 거의 다 모으게 된다  과연 손오공과 친구들은 혼세마왕으로부터 마법천자문 조각을 지켜낼 수 있을까 
92,벼랑 위의 포뇨,판타지,     년   월  일 공개 예정입니다   모두가 반해버린 사랑스런 소녀  포뇨가 온다  일본 애니메이션의 거장 미야카지 하야오의     년   신작   토토로보다 사랑스럽고 하울만큼 신비스러운 물고기 소녀 포뇨를 만나 보세요   센과 치히로의 행방불명    하울의 움직이는 성  등에서 환상적인 그림과 이야기로 관객들에게 위대한 판타지를 선사했던 스튜디오 지브리의 깜찍하고 귀여운 물고기 소녀  포뇨   호기심 많은 물고기 소녀 포뇨는 따분한 바다 생활에 싫증을 느끼고  급기야 아빠 몰래 늘 동경하던 육지로 가출을 감행한다  해파리를 타고 육지로 올라온 포뇨는 그물에 휩쓸려 유리병 속에 갇히는 위기에 처하게 되고 때마침 해변가에 놀러 나온 소년 소스케의 도움으로 구출된다  소스케와의 즐거운 육지 생활도 잠시  인간의 모습을 포기하고 바다의 주인이 된 아빠 후지모토에 의해 결국 포뇨는 바다로 다시 돌아간다  하지만 여동생들의 도움으로 탈출에 성공한 포뇨는 소녀의 모습으로 변해 거대한 파도와 함께 소스케에게로 향하는데  과연 포뇨는 어려움을 뚫고 소스케를 다시 만날 수 있을 것인가 
93,천공의 성 라퓨타,판타지,스튜디오 지브리의 첫 작품 천공의 성 라퓨타  하늘에서 한 소녀가 떨어진다  소녀는 비행석을 목에 걸고 있었다  땅으로 천천히 내려오는 소녀를 파즈가 받아낸다  소녀의 이름은 시타  시타의 비행석을 빼앗기 위해 해적들이 공격해 온다  해적의 목적은 라퓨타에 숨겨진 금은보화를 얻는 것  파즈와 시타는 쫓기기 시작한다  파즈는 천공의 성 라퓨타를 꿈꾸었던 아버지를 생각하며 시타와 함께 라퓨타를 찾아 나선다  하지만 비행석을 노리는 해적과 군인들의 그들을 방해하는데       시타와 파즈는 라퓨타에 무사히 도착할 수 있을까  시타의 목걸이가 빛나면 천공의 성으로 가는 길이 열린다 
94,극장판 닥터스톤 류스이,판타지,스톤 워즈를 끝낸 과학 왕국 사람들은 석화 광선의 비밀을 알아내기 위해 지구 반대편으로 가기로 한다  지구 반대편까지 가려면 먼저 튼튼한 배와 배를 조종할 선장이 필요한데  센쿠는 오로지 실력만을 보고 재벌가의 망나니 출신인  류스이 를 깨운다  깨어나자마자  이 세상은 다시 나의 것이다 라고 외친 류스이는 자신의 실력을 담보로 화폐를 만들어서 럭셔리한 삶을 만끽한다  그리고 선장을 맡는 대가로 석유를 독점하겠다고 선언하는데 
95, 더빙  펭귄 하이웨이,판타지, 이 수수께끼도 풀어 보렴  어때  할 수 있겠어   한편  아오야마와 그의 연구 친구인 우치다에게 같은 반 친구 하마모토가 숲속 초원에 떠 있는 투명하고 커다란 둥근 물체의 존재에 대해 알려준다  골목대장 스즈키 일행이 훼방 놓아도  펭귄과 그 둥근 물체인  바다 의 연구를 이어가는 아오야마와 친구들  마침내 아오야마는  바다 와 펭귄  그리고 누나에게는 어떠한 연결고리가 있지 않을까 하고 생각한다  그러던 어느 날  누나의 몸 상태에 이상한 변화가 일어나고  동시에 이상한 현상이 마을을 덮친다  마을에 대피 지시가 내려지고  아오야마는 어느  한가지 가설 을 가지고 뛰기 시작한다  과연 누나와 펭귄  그리고  바다 의 수수께끼는 풀릴 것인가 
96,도사의 무녀   새겨진 일섬의 등불,판타지,인간 세상을 위협하는 존재  황혼 이 일으킨 대재앙으로부터 수개월 후  봄을 맞은 도사훈련학교에 새로운 무녀가 들어온다  그 무렵  에노시마에서 황혼의 이상 반응이 관측되고 무녀들로 구성된  아카바네도 조사대 는 황혼 수색 임무를 시작한다  조사대는 머지않아 인간 형태의 새로운 황혼을 발견하게 되는데 
97,고양이의 보은,판타지,     년  월  일 공개 예정입니다   평범한 여고생  하루 는 집에 가는 길에 우연히 고양이를 구해주게 된다  그런데 고양이가 말을 한다   그 고양이는 고양이 왕국의  룬  왕자였다   하루 는 고양이 왕국에 초대를 받는다  고양이 떼에 의해 끌려간 고양이 왕국은 마음대로 놀고먹을 수 있는 파라다이스였다  그런데 고양이 왕국의 대왕이  하루 에게  룬  왕자와 결혼해 달라는 것이 아닌가  평생 고양이로 살아야 한다니    하루 의 몸도 점점 고양이로 변해가는데        하루 는 인간세계로 돌아갈 수 있을 것 인가 
98,반딧불 언덕에서,판타지,일 년 전  교통사고로 아버지를 잃은 초등학교   학년  유타 는 이번 여름방학도 아버지와 함께 갔던 시골에 찾아간다  하지만 댐이 건설되어 마을은 물에 잠겨 사라진 지 오래  딱정벌레를 잡으려고 산 속을 헤매던 중  유타는 이상한 할아버지를 만나게 된다  할아버지가 사라진 뒤  갑자기 폭우가 내리고 유타는 그만 급류에 휩쓸려 정신을 잃고 만다  그리고 깨어났을 때 눈 앞에  사에코 라는 여자아이와 마주하게 된다  사에코를 집에 데려다 주려고 산 밑을 내려다 보는 순간  없어졌던 마을이 눈 앞에 펼쳐진다    년 전으로 시간여행을 하게 된 것  혼자 계신 어머니가 걱정되지만 이곳에서 여름방학을 보내야 하는 어쩔 수 없는 마법에 걸려 버린다  사에코는 유타를 사촌오빠로 여기고 마을 친구 켄조와 함께 여름방학 한달 동안 과거의 시골 마을에서 생활을 한다  어색한 기운은 곧 사라지고  이내      년 대 시골마을의 아름다운 자연 속에 살아가는 행복한 시간에 빠져든다  무엇보다도 마을의 명물  무지갯빛 반딧불 과 마주하면서 잊을 수 없는 추억을 만든다  어느 덧 여름방학이 끝나고 집으로 돌아가야 하는 시간이다  마을을 떠나면 마법이 풀리면서 유타는 모든 것을 기억할 수 없게 될 것이다  좋아하는 것은 사라지고 만다는 마을 신관 할아버지의 말씀처럼 유타는 아름다운 반딧불의 기억과 친구들과의 추억을 모두 잊어버리게 될까 
99,썸머 고스트,판타지, 우리가 모인 이유는 유령을 찾기 위해서야   인터넷을 통해 서로 알게 된  토모야    아오이    료   아이들은 여름철 불꽃놀이와 함께 모습을 드러낸다는 의문의 여자 유령  썸머 고스트 를 찾아 떠난다  원치 않는 인생을 살고 있어서  마음 붙일 곳 없이 외롭기만 해서  빛나야 할 미래를 빼앗겨 버려서    세 사람에겐 저마다  썸머 고스트 를 찾는 이유가 있다  십 대의 끝자락  어쩌면 가장 특별했을 한여름 밤의 이야기 
100,마루 밑 아리에티,판타지,교외에 위치한 오래된 저택의 마루 밑에는 인간들의 물건을 몰래 빌려 쓰며 살아가는 소인들이 살고 있다  그들 세계의 철칙은 인간에게 정체를 들키면 그 집을 당장 떠나야 한다는 것    살이 된     소녀 아리에티는 부모님의 도움 없이 홀로 마루 위 인간 세상으로 뛰어든다  빨래집게로 머리를 질끈 묶으면 작업 준비 완료  그러나 작업 첫 날  인간소년 쇼우에게 정체를 들킨다  첫 작업 목표는  년치 분량의 각설탕이었다  생쥐와 바퀴벌레의 방해 공작에도 무사히 각설탕을 손에 넣은 아리에티는 마루 밑으로 돌아오던 중 그만 저택에 요양 온 인간소년 쇼우의 눈에 띄게 된다  인간은 무서운 존재라고 생각했던 것과 달리 쇼우의 다정한 모습에 조금씩 마음을 열기 시작한 아리에티  마루 밑 세계의 규칙을 어기고 쇼우에게 다가가던 어느 날  아리에티 가족에게 예기치 않은 위험이 찾아온다 
101,극장판 숲의 요정 페어리루   크리스마스의 기적   마법의 날개  ,판타지, 리프 와  바이올렛   그리고  해바라기 와  로즈 는  선배 트윙클 페어리루인  스피카    시리우스 와 함께  트리를 장식할 크리스마스 스타를 함께 만들다 친구들과 다툼을 벌이게 된다   한편  여행을 떠난  산타 가 돌아오지 않자 곤란해진  크리 와  트리 는  직접  산타 로 변신해 선물을 나눠주기로 하는 등  크리스마스 준비에 바쁜 시간을 보내는데   과연  리틀 페어리루 의 요정들은 모두 행복한 크리스마스를 보낼 수 있을까요 
102, 자막  겨울왕국의 무민,판타지,따스한 여름이 지나고 겨울이 찾아온 무민 골짜기  밤나무와 열매 그리고 나뭇잎 향기까지  무민이 좋아했던 모든 것을 꽁꽁 얼려버린 겨울은 무민이 가장 소중하게 생각했던 해님까지 몰래 숨겨버린다 해님을 기다리던 무민은 오랜 고민 끝에 직접 해님을 찾기로 하고  친구 투티키와 특별한 도전에 나서는데 
103,버스데이 원더랜드,판타지,생일 전날  평소 자신감이 없는 아카네 앞에 갑자기 나타난 연금술사 히포크라테스와 그의 제자 피포  자신들의 세계를 구해달라며 아카네를 억지로 데려온 곳은 행복의 색으로 가득한 원더랜드였다  골동품가게 지하실과 이어진 신기한 나라의 구세주가 된 아카네는 엄청난 모험 끝에 인생을 바꿀 중요한 결단을 내리는데 
104,극장판 K seven stories   RB BLAZE,판타지,오랫동안 공석이었던 청의 왕이 다시 옹립되면서 적의 클랜 호무라와 청의 클랜 셉터 의 대립이 다시 수면위로 부상한다  이는 호무라나 셉터 나 바라는 바는 아니었지만  양측은 복잡한 내부 사정으로 인하여 어찌하기 어려운 상황이었다  그런 가운데 청의 왕 무나카타가 적의 왕 스오 미코토에게 회담을 요청하는데 
105,바다가 들린다,판타지,     년  월  일 공개 예정입니다   모리사키 타쿠는 도쿄의 대학생이다  방학을 이용해 고향으로 돌아가는 비행기 속에서 그는 지난  년 동안의 고교 시절을 떠올리게 된다  도쿄로 부터 타쿠의 학교로 뒤늦게 전학온 무토 리카코는 그녀가 남부 사투리를 시대극의 배우 같다고 싫어하고  그녀의 반 학생들로부터 따돌림을 받음에도 불구하고 학교내의 스타로서 자리를 굳히게 된다  또 그녀는 하와이로 간 수학여행에서 타쿠에게 돈을 잃어버렸다며 돈을 빌려  년전 부모님이 이혼한 후 만나지 못한 아버지를 만나러 도쿄로 갈 수 있게 된다  타쿠와 함께 한 도쿄로의 여행은 학교에서 그에게 문제가 되고 비록 리카코는 받아들이지 않지만 리카코를 좋아하는 그의 가장 친한 친구 마츠노 유카타와 갈등을 일으키는 계기가 된다  점차 타쿠는 그녀의 결점에도 불구하고 그녀를 좋아한다는 걸 깨닫게 되지만 그것을 마츠노에게 얘기할 수는 없는데   
106, 자막  지브리 컬렉션 vol   ,판타지,라프텔에 지브리 라인업 첫 번째 상륙   천공의 성 라퓨타    이웃집 토토로    마녀 배달부 키키    추억은 방울방울    붉은 돼지    바다가 들린다    게드 전기   어스시의 전설 로 구성된  지브리 컬렉션        
107,쥬라기캅스,판타지,지구를 지키는 수호자들      만년 전  인의 쥬라기캅스는 지구를 침략한  데스바리안 을 달에 봉인하고  현재는 지구 곳곳에 탈 것의 형태로 숨어 지내고 있다  쥬라기캅스의 리더이자  지구의 분신인  쥬관장 은 새로운 후계자를 찾던 어느 날 순수한 영혼을 가진  공찬 을 보자마자 최고의 적임자임을 직감하고 쥬라기커맨더로 임명한다  싸워라  소년   인의 공룡전사  쥬라기 에볼루션   
108,볼츠와 블립,판타지,    년  토미 박사가 만든  크레이터 리그  덕분에 지구는 평화롭다  지구의 모든 분쟁은 은하계 로봇들의 가장 익살스러운 스포츠 경기들로 치러지는  크레이터 리그 로 해소되고 있기 때문이다  볼츠와 블립  두 시티봇은 우연히 리그의 꼴찌인 썬더볼츠 팀에 합류하게 되고  팬들의 성원에 최선을 다한다  오합지졸로 구성된 팀 멤버들의 도움으로 그들은 점점 자신들의 정체를 알아가고  토미 박사에게 앙심을 품고 있는 블러드 박사의 복수극에 휘말려 달과 지구 모두 위협을 받고 있다는 걸 알게 되는데   
109,출동 케이캅,판타지, 출동  케이캅 은 현직 경찰관인 두 주인공이 우주에서 온 공주를 구해주고 슈퍼파워를 얻어 케이캅으로 활동하는 슈퍼히어로물이다  인간에게서 블랙에너지를 만들어내 지구를 지배하려는 우주악당과 신분을 숨긴 채 이에 맞서는 주인공들의 좌충우돌 소탕작전이 코믹하면서도 긴장감 넘치게 펼쳐진다 
110,바람계곡의 나우시카,판타지,산업 문명이 붕괴하고 천년의 시간이 흐른다  지구의 대지는 황폐한 사막으로 변하고 부해라고 불리는 독기를 내뿜는 균류가 득실거린다  부해의 숲이 확장되면서 지구를 차지한 것은 독성의 균사를 내뿜는 곰팡이들과 변질된 곤충인  오무 였다  살아있는 것을 아끼고 자연과 교감하며 살아가는 나우시카  나우시카는 바람계곡의 공주이다  나우시카와 바람계곡의 마을 사람들은 풍력을 이용하여 자연과 더불어 살고 있었다  어느 날  바람계곡에  토르메키아  비행선이 거대 곤충들에게 습격 받아 추락하고  불타버린 비행선 속에 거신병의 알이 있었다  거신병은  불의  일 동안 지구상의 모든 것들을 태운 괴물이었다  거신병의 알을 찾으려는  토르메키아  함대가 바람 계곡으로 들이닥친다  바람계곡에 찾아온 위기  급기야 나우시카는 인질로 잡히고 마는데  
111,레이드배커스,판타지,할머니의 막과자가게를 이어 받기 위해 교토로 이사한 미대생 쿠미  아무도 없어야 할 가게에는 하라미     마이 그리고 강아지 한마리가 살고 있다    하라미 일행의 정체는 마왕을 쫓아 검과 마법의 세계로부터 이쪽 세계로 온 용사들  그러나 다른 세계로 온 탓에 힘을 잃고  리더인 공주기사 아넬리아마저 하필이면 강아지의 모습으로 바뀌어 버려 무일푼 떠돌이 처지가 되었던 것이다  거처도  평범한 상식도 없는 그녀들을 내쫓지 못한 쿠미는 수상한 이들과 이상한 동거를 하게 된다  원래 세계와 달리 평화로운 이쪽 세계에 완벽히 적응해  강아지가 된 아넬리아만 빼고  저마다 자유로운 생활을 누리고 있던 그녀들  그러던 어느 날  힘을 잃고 평범한 초등학생이 된 마왕 란이 그들 앞에 나타나 이렇게 말한다   우리 함께 마왕의 파편을 모으지 않을래요  
112, 자막  지브리 컬렉션 vol   ,판타지,라프텔에 지브리 라인업 세 번째 상륙   귀를 기울이면    바람이 분다    벼랑 위의 포뇨    추억의 마니    코쿠리코 언덕에서    폼포코 너구리 대작전    하울의 움직이는 성 으로 구성된  지브리 컬렉션        
113,도라에몽   진구의 신공룡,판타지,진구는 공룡 엑스포 화석 발굴 체험에서 발견한 화석을 공룡알이라고 굳게 믿는다  도라에몽의 비밀도구 타임 보자기로 화석을 되돌리자 새로운 종의 쌍둥이 공룡이 태어났다  진구를 닮아 미덥지 못한 큐와 말괄량이 뮤  사랑을 듬뿍 주며 키우지만  함께 살아가는 것이 어렵다는 것을 깨달은 진구는 큐와 뮤를 원래 시대로 데려다 주기로 결심하고  친구들과 함께      만 년 전 백악기로 모험을 떠난다  도라에몽의 비밀도구와 공룡들의 도움으로 공룡의 발자국을 따라 진구와 친구들이 도착한 곳은 바로 수수께끼의 섬  공룡이 멸종했다고 알려진 백악기에서 큐와 뮤  그리고 진구를 기다리고 있는 운명은  
114,도라에몽   진구의 달 탐사기,판타지,달 탐사기가 발견한 흰 그림자가 뉴스 속보로 나오게 되고  진구는 그것이  달 토끼다  라고 주장하지만 아무도 믿지 않는다  이에 진구는 도라에몽과 함께  같은 것을 믿게 하는 배지 를 이용하여 달의 뒷면에 토끼 왕국을 만들기로 한다  그러던 어느 날  수수께끼 소년  루카 가 전학을 오고  도라에몽과 친구들은 함께 토끼 왕국에 가게 된다  그리고 그곳에서 우연히  에스펄 이라는 신기한 힘을 가진 아이들과 만나 친구가 된다  함께 즐거운 시간을 보내던 도라에몽과 친구들  그리고  에스펄  앞에 의문의 우주선이 나타나고  에스펄 과 함께 도라에몽과 친구들을 구하려던  루카 도 잡히게 된다  과연  도라에몽과 친구들은  루카 를 구할 수 있을까 
115,유우키 유우나는 용사다 후루룩 ,판타지,때는 신세기    년  신수에 위기에 여러 시대에서 용사와 무녀가 소환된 신수 내부의 세계  그녀들이 모두 모인 산슈 중학교 용사부는 총원   명의 대가족으로 변모하였다  강력한 동료를 얻은 부장 이누보자키 후우는 만반의 준비를 하고  용사부 우동  개발을 선언하는데          
116,반딧불이의 숲으로,판타지, 나츠메 우인장  미도리카와 유키의 사계절을 담은 러브 로맨스   닿고 싶어  하지만 닿을 수 없어    호타루 는 여름방학 마다 할아버지 댁에 놀러간다  어느 날 요괴들이 산다는 산신의 숲에 길을 잃고 들어간 호타루  울음을 터뜨린 그녀 앞에 가면으로 얼굴을 가린 한 청년  긴 이 나타난다  긴은 태어나자마자 산신의 숲에 버려지고 귀신들이 길러낸 반은 인간이고 반은 요괴인 존재였다  사람의 모습을 하고 있지만 요괴처럼 보이려고 가면을 쓰고 다닌다고  하지만 그는 인간이 피부에 닿으면 사라지는 저주에 걸려 있다  호타루는 어느덧 고등학생이 되고 결코 닿을 수 없는 그에 대한 호타루의 마음은 커져만 가는데   
117,변신뭉치 모리,판타지,평범한 초등학생  학년 김시후는 어느 날 아침 수상한 털실뭉치가 자신의 머리에 붙어 있는 것을 발견한다  머리에서 떼어내려고 발버둥치다가 옷에서 떨어진 버튼이 그 털실뭉치에 닿자 놀랍게도 변신을 하는데    이 신기한 털실뭉치의 이름은 바로 모리  털실로 된 모리는 무엇이든 변신할 수 있는 능력을 가졌다  잔잔했던 시후의 일상은 변신뭉치 모리와 함께하면 언제나 변화무쌍   시후가 만약 곤란한 일을 당한다면   케케케  내가 나설 차례 모리  
118, 더빙  겨울왕국의 무민,판타지,따스한 여름이 지나고 겨울이 찾아온 무민 골짜기  밤나무와 열매 그리고 나뭇잎 향기까지  무민이 좋아했던 모든 것을 꽁꽁 얼려버린 겨울은 무민이 가장 소중하게 생각했던 해님까지 몰래 숨겨버린다 해님을 기다리던 무민은 오랜 고민 끝에 직접 해님을 찾기로 하고  친구 투티키와 특별한 도전에 나서는데 
119,바람이 분다,판타지,     년   월  일 공개 예정입니다   아름다운 비행기를 만드는 것이 꿈인 청년 지로  하지만     년대 일본은 전쟁을 준비하고 지로에게는 전투기 개발 임무가 떨어진다  파멸의 길로 들어선 일본과 함께 순수했던 청년의 꿈도 망가져 간다 
120,신밧드    하늘을 나는 공주와 비밀의 섬,판타지,신밧드는 어린시절 바다에서 아버지를 잃고  엄마와 원숭이 미미와 함께 바닷가 근처에서 사는 소년이다  이런 신밧드는 어릴적 바다에서 아버지를 잃었지만 언제나 바다 건너편의 미지의 세계를 동경해왔다  그러던 차에 바하르 호 선원 알리와 만나게 된 신밧드는 알리와 함께 우연히 신기한 목설이를 줍게 되고  이에 목마를 탄 소녀 사나가 하늘에 나타난다  사나가 악당에게 쫒긴다는 것을 눈치챈 신밧드는 악당으로부터 사나를 도망치게 하기위해 노력한다  이런 모습을 본 바하르 호의 선장 라자크의 도움으로 신밧드는 바다로 나갈 기회를 얻게 되는데           
121, 더빙  지브리 컬렉션 vol   ,판타지,라프텔에 지브리 라인업 두 번째 상륙   바람계곡의 나우시카    모노노케 히메    이웃집 야마다군    센과 치히로의 행방불명    고양이의 보은    마루 밑 아리에티    가구야 공주 이야기 로 구성된  지브리 컬렉션        
122,붉은 돼지,판타지,     년  월  일 공개 예정입니다    차 세계 대전 중 마르코 파고트는 전쟁에서 많은 동료들을 잃고 파시즘에 열광한 이탈리아에게 실망한 채 무정부주의자가 된 채 퇴역한다  그런 그는 마음의 상처를 입은 채 마녀에게 부탁해 자신에게 마법을 걸어 돼지의 평상을 한 채 붉은 사보이아     에 몸을 싣고 이탈리아의 하늘을 농락하는 공중 해적 소탕을 업으로 삼게 된다  그의 뛰어난 조종 기술과 대담한 공격에 여러번 당한 해적들은 그를 붉은 돼지              포르코 롯소 라고 부르며 경계한다  그리고 그런 포르코 롯소를 없애기 위해 공중 해적은 미국인 도널드 커티스를 영입하게 된다  도널드의 공격으로 사보이아     는 대파되고  포르코는 믿을만한 정비사 피콜로를 찾아간다  그러나 남자들의 부족으로 비행기 수리의 메인 치프로 나온 것은 정비사가 되기에는 너무나도 어린 나이의 소녀 피오  포르코는 그런 피오를 보고 불안해하지만 그녀의 비행기에 대한 열정과 지식  그리고 가능성을 보고는 믿기로 결심한다  한편 옛 동료들은 포르코에게 다시 군으로 들어올 것을 권유한다  하지만 이미 파시즘에 상처를 입은 포르코는 권유를 거절하고 홀로 공중해적 연합과 맞부딪치는데           
123,가구야 공주 이야기,판타지,밝게 빛나는 대나무에서 아주 작은 여자아이가 태어난다  대나무를 잘라서 팔던 할아버지는 이 아이를 발견하고 집으로 데려와 키우게 된다  손바닥만했던 크기였던 여자 아이는 채 하루가 되지 않아 아름다운 소녀로 성장한다  카구야라는 이름을 갖게 된 그녀  그녀의 아름다움에 대한 이야기를 듣고 귀공자들  심지어 황제까지 카구야에게 관심을 보이지만 카구야는 이들에게 관심이 없고  오히려 달라진 삶 때문에 힘들어하는데   
124,요괴워치 ,판타지,요괴워치의 다섯 번째 애니메이션
125,원피스 SPECIAL  D Y,판타지,정상전쟁이 끝나고  형 에이스를 잃은 루피는 그 슬픔을 이겨내고자 루스카이나 섬에서 레일리의 지도하에  년간 패기 수련을 받았다  그 무렵 임펠다운  레벨에 유폐돼 있던 해적 반디 월드가 탈옥해  옛 동료들을 데리고 각지의 섬과 해군을 차례로 파괴하는 사건이 발생한다  세계 정부에서는 왕의 부하 칠무해를 긴급 소집하지만  그 정보를 얻은 월드는 칠무해의 한 명인 보아 행콕을 인질로 잡아 해군본부 마린포드를 궤멸시킨다는 작전을 세운다  행콕의 여동생인 소니아와 마리가 납치되고   또한 월드의 무장색 패기 앞에 루피는 속수무책으로 쓰러진다  루피와 행콕은 손을 잡고  그들을 되찾기 위해 월드 해적단의 해적선에 탑승하는데   
126,경계의 저편   미래편   판권 부활       ,판타지,기억은 잃어도 선배를 절대 잃을 순 없어요  옥상에서의 만남부터  경계의 저편 과 벌인 처절한 싸움도 끝나고  기적적으로 미라이는 돌아왔지만 그녀가 이계사라는 고통스럽고 괴로운 운명뿐 아니라 아키히토와의 소중한 기억까지 잃어버렸다  새학기를 맞았지만 미라이의 기억은 여전히 돌아오지 않고  아키히토는 기억을 잃은 그녀를 배려해서 일부러 거리를 둔다  아키히토의 그런 생각도 모른 채  본능적으로 그에게 다가가는 미라이  그런 두 사람 앞에 미라이를 아는 누군가가 나타나면서 아키히토의 작은 희망도 헛되게 그녀는 다시 자기자신과 마주 보게 될 싸움을 맞이하게 된다 
127,기괴하고 요상한 귀신딱지,판타지,겁쟁이 소년  짝구 와  우동 은 딱지 문방구의 주인이자 이 동네의 귀신을 담당하는  꼭두 의 화려한 언변에 넘어가 졸지에 귀신딱지 비밀요원이 돼버린다  때로는 티격태격 싸우지만  둘도 없는 친구로서 서로 도와가며 악귀를 봉인하기 위해 분투하는 두 소년  과연 그들은 세상을 어지럽히는 악귀들을 귀신딱지에 봉인할 수 있을까    
128, 자막  치에리와 체리,판타지,상상력이 뛰어난 소녀  치에리 는  년 전 아빠를 여의고 상상 속의 친구  체리 와 꼭 붙어 지낸다  아빠의 기일을 맞아 할머니 댁에 온 치에리는 홀로 집안 이곳저곳을 구경하고  새로운 친구들과 뜻밖의 추억을 만들게 된다
129,추억의 마니,판타지,     년   월  일 공개 예정입니다   천식을 앓고 있는 안나는 바닷가 마을로 요양생활을 온다  안나는 자신을 세상의 원 밖에 있는 사람이라고 여긴다  안나는 어려서 부모님을 잃었는데  지금까지 길러온 의붓 어머니가 연금을 위해 자신을 기른다고 오해해 마음을 닫는다  그러다 마니라는 외국인 소녀를 만나게 되고 마니와의 만남을 통해 자신의 고민과 감정을 털어놓게된다  이를 통해 안나는 점차 마음을 열게 되지만 마니의 존재에 대해 의심을 하게 된다   
130,당신의 영원,판타지,새소리에 이끌려 들어간 숲 속  소녀는 그곳에서 할머니의 흔적을 찾아 헤맨다 
131,영원의    ,판타지,줄거리 정보가 없는 작품이에요 
132,쥬라기캅스 쥬라킹,판타지,완전체로 부활한 데스바리안에서 패한 쥬라기캅스는 이전의 모습을 잃고 작은 모습으로 간신히 살아남는다  이후 데스바리안과의 대결에서 고전하던 쥬라기캅스는 공찬과의 우정  그리고 사명감으로 새로운 힘을 얻게 되고 거대한 로봇 쥬라킹으로 합체한다  한편 지구 곳곳에 흩어져 있는 오파츠를 통해 자신의 힘을 극대화하려는 데스바리안을 물리치기 위해 쥬라킹은 엄청난 능력을 가진 무기를 소환해 데스바리안에 맞선다  마지막 오파츠가 숨겨져 있는 달을 향해 돌진하는 데스바리안으로부터 쥬라킹은 과연 지구를 지켜낼 수 있을까  
133,써니버니 시즌  ,판타지, 언어가 없는 특별한 애니메이션입니다  써니버니는 터보  빅부  샤이니  아이리스  호퍼라는 이름의 푹신한 빛의  개 공으로  빛이 있는 곳이면 어디든지 나타날 수 있다  토끼들은 항상 기쁨과 행복을 가져다 주며  새롭고 흥미로운 장소를 탐험하기 위해 내려가며  재미있고 장난스러운 게임을 즐긴다  모두 아이들이 쉽게 인식하고 사랑하게 될 수 있는 뚜렷한 특징을 가지고 있다  써니 버니는 재미  우정  발견  협동에 대한 모든 것이다 
134, 더빙  이퀘스트리아 걸스   엉망진창 봄방학,판타지,봄방학을 맞이한 일곱 친구들은 호화로운 배를 타고 여유로운 크루즈 여행을 떠나게 되었어요  하지만 이퀘스트리아 마법이 나타났다고 굳게 믿고 있는 레인보우 대시는 마법을 찾겠다는 이유로 친구들을 가만 놔 두지 않네요  결국 그로 인해 바다 위에서 재앙이 벌어지고  그 과정에서 포니빌에도 찾아가게 되며  스톰 킹이 보유했던 이퀘스트리아 마법이 인간 세계로 흘러 들어가서 배에 탄 사람들을 위협하고 있다는 사실이 밝혀지게 돼요 
135,미스테리야 ,판타지,악몽에 시달리고 고소공포증에 시달리던 타타는 세계 문화 수호단의 다알 박사  세실  쉑과 함께 자신의 증상을 치료하기 위해 미스테리야로 모험을 떠난다  한편 초시공 마법 악당인 도레미경은 자신의 딸인 플랫마이너 공주와 인조인간 시종 칸타를 타타의 미스테리야로 파견한다  세계를 정복할 목적으로 봉인된 몬스터 이카로스를 봉인에서 해제하는 플랫마이너와 칸타  이들은 곧 큰 대결을 펼치게 되는데  
136,로터리파크,판타지,거대한 미스터리 홀 주변을 둘러싼 폐쇄된 공원  그 곳엔 남몰래 지구를 지키는 괴상한 모습의 히어로들이 있다  지구의 숨겨진 비밀과 그것을 노리는 그림자정부     기계를 만든 천재박사 지젤의 진짜 목적까지  가장 강렬한 기억이 만들어 낸 이 시대 유토피아의 문이 열린다 
137, 더빙  스파이즈,판타지,고도의 훈련을 받은 스페셜 에이전트 윌리스는 임무 수행 중 실수로 인해 좌천을 당한다  하지만 정체 모를 침입자들의 습격을 받게 된 후  그들의 목적이 지구 생명체의 모든 종을 말살시키려는 것이라는 첩보를 입수한 윌리스는 다시 현장으로 복귀하게 되는데  과연 지구의 모든 종을 말살시키려는 음모를 저지하고 지구를 구할 수 있을까 
138, 더빙  꼬마마법사 레미   견습 마법사를 찾아서,판타지,나이도  성격도  살아온 환경도 다른  소라     미레     레이카   하지만  꼬마 마법사 레미 를 어린 시절 추억으로 간직하고 있다는 공통점이 있다  서로 다른 세 사람을 연결해준 마법같은 인연  어른이 되느라 바빴던 그녀들은 잠시 잊고 있었던 것들을 다시금 떠올리게 되는데    지금   레미 의 마법이 다시 시작된다 
139, 더빙  악셀,판타지,우주에서 가장 아름다운 행성 케플라  그러나 지구인들의 욕심으로 행성 케플라는 조금씩 오염되어 사라질 위기에 처한다  우주 소년 악셀은 케플라를 구하기 위해 친구 쥬쥬  보노와 함께 긴 모험을 떠나고  전설 속 식물인 카라로의 씨앗만이 행성을 살려낼 수 있는 마지막 희망임을 알게 된다  과연 악셀은 카라로의 씨앗을 찾아내 케플라를 구할 수 있을까 
140, 더빙  포켓몬스터   정글의 아이 코코,판타지,인간들의 마을에서 멀리 떨어진 포켓몬들의 낙원 자부숲에서 엄격한 법도를 지키며 무리들과 함께 살아가던  자루도 는 우연히 강가에서 인간의 아이를 발견하게 된다  차마 아이를 외면할 수 없었던  자루도 는 숲의 법도를 깨고 아이에게  코코 라는 이름을 붙여주며 무리에서 떨어져 둘이서만 살기로 결심한다  그로부터   년 뒤  자신을 포켓몬이라고 믿는 소년  코코 는 자부숲을 찾아온  지우 와  피카츄 를 만나 새로운 세계를 알게 되는데  한편  자부숲을 지켜주는 치유의 샘을 노리는 위험한 인간들의 발소리가 들려오기 시작한다  정글의 아이  코코 는 친구들과 힘을 모아 숲을 지킬 수 있을까 
141, 자막  꼬마마법사 레미   견습 마법사를 찾아서,판타지,나이도  성격도  살아온 환경도 다른  소라     미레     레이카   하지만  꼬마 마법사 레미 를 어린 시절 추억으로 간직하고 있다는 공통점이 있다  서로 다른 세 사람을 연결해준 마법같은 인연  어른이 되느라 바빴던 그녀들은 잠시 잊고 있었던 것들을 다시금 떠올리게 되는데    지금   레미 의 마법이 다시 시작된다 
142,생일왕국의 프린세스 프링,판타지,                             일년 중 가장 특별한 날  생일에 어린이들을 초대해 꿈꿔온 소원을 들어주는 귀여운 토끼 공주  프린세스 프링   사랑스러운 프린세스 프링이 매일매일이 생일인 꿈과 마법의 세계  뮤지컬 어드벤처가 펼쳐지는 생일왕국으로 여러분을 초대합니다 
143,하얀물개,판타지,상상력이 풍부한 현주리가 어느날 버려진 하얀 물개인형을 주워오면서 벌어지는 신나는 모험과 재미난 놀이 이야기  현주리와 동생 보리는 워킹맘인 엄마를 대신해서 아이들을 돌보아주는 하얀물개와 또다른 인형친구인 곰돌이 로니  코알라 부인 코코 등과 함께 매일매일 신나는 상상놀이를 벌인다  어린이의 눈높이에서 담아낸 어른들과 이웃들의 모습  자연 속에서 찾아낸 놀이감들  상상력으로 펼쳐낸 흥미로운 세계가 수채화로 그린 화면 위로 다양하게 펼쳐진다 
144,경계의 저편   과거편   판권 부활       ,판타지,요몽인 아버지와 인간인 어머니 사이에서 태어난  칸바라 아키히토 는 불사신의 능력을 지닌 반인반요의 소년이다  어느 날 그는 하굣길에 학교 옥상에서 당장에라도 뛰어내릴 것만 같은 소녀를 보게 된다  소녀의 이름은  쿠리야마 미라이   그녀는 평범한 소녀의 삶을 꿈꾸지만  저주받은 능력이라 치부되는 피를 조종할 수 있는 능력을 가진 일족 최후의 생존자다  이 저주받은 능력 때문에 그녀는 이계사 세계 내에서 이단으로 취급 받아 경멸의 대상이 되었다  하지만 홀로 살아남은 소녀와 반요의 소년이 만남으로써 변함없던 그들의 세계가 변하기 시작한다 
145, 더빙  매직빈,판타지,전설적인 사부의 가르침을 따라 절대마법을 수련하는  빈   하지만 반복되는 힘든 수련에 지친 친구들은 하나 둘씩 포기하고  결국  빈 은 마을의 마지막 훈련생이 된다  그러던 어느 날  마을에  절대마법 금지령 이 내려지고 설상가상 도둑으로 몰려 산꼭대기의 무시무시한 곳으로 끌려가게 된다  과연  빈 은 모두의 비웃음을 이겨내고 마을을 지키는 슈퍼콩으로 거듭나 최고의 매직 마스터가 되는 꿈을 이룰 수 있을까  꿈꾸는 아이들을 위한 매직 드림 어드벤처가 시작된다 
146,도라에몽   스탠바이미  ,판타지, 할머니를 만나고 싶어   어느 날 진구는 돌아가신 할머니와의 추억이 담긴 낡은 곰 인형을 발견하고 할머니가 보고 싶은 마음에 도라에몽의  차원 비밀도구 타임머신을 타고 과거로 향한다  느닷없이 찾아온 소년을 금세 진구라고 믿어주시는 할머니는 한 가지 소원을 말씀하시는데   진구의 아내를 만나보고 싶구나  결혼식을 보여 드리기 위해 미래로 간 도라에몽과 진구  하지만 이슬이와의 결혼식 당일 신랑 진구는 도망가 버리고 퉁퉁이와 비실이가 진구를 찾는 동안 이슬이는 진구를 믿고 기다리는데  할머니의 소원을 위해  그리고 가족과 친구들  좋아하는 이슬이와의 약속을 위해 도라에몽과 진구의 과거와 현재  미래를 넘나드는 스펙터클한 대모험이 시작된다 
147,주디세이,판타지,주디와 떠나는 신나는 동화 속 여행  다양한 선택에 따라 달라지는 신기한 이야기  주디세이  오늘은 어떤 이야기로 모험을 떠나볼까  주디  로디  뭉치와 함께 떠나보자  어느 작은 마을에  주디  라는 이름의 책 읽기를 좋아하는 호기심 많은 소녀가 살고 있었다  주디는 다음 책을 읽기 위해 도서관에 가던 중  어려움에 처한 꼬마를 도와주게 되고 마법시계  턴와치 를 얻게 된다  한편 레몬왕국의 왕자  로디 와 친구인  뭉치 는 신비한 마법책의 봉인을 풀기위해 라즈베리 도서관에 도착하지만  마법책을 노리는 수수께끼의 도둑  울프 를 만나 마법책을 빼앗긴다  하지만 주디의 도움으로 마법책을 다시 찾게 되고  그 순간 주디가 지닌 턴와치가 반응하면서 봉인된 마법책이 열리게 된다  주디와 친구들은 마법책 속으로 들어가 이야기의 주인공이 되어 모험을 시작하게 되지만  마법책 속으로 함께 들어오게 된 울프를 만나게 되면서 위험에 빠진다 
148, 더빙  두부요괴,판타지,말캉말캉하고 몰랑몰랑한 두부  사상 최강 귀요미의 코믹 반전 공개 큰 머리에 짧은 팔다리로  등신 비율을 자랑하는 꼬맹이  두부   귀엽고 우스꽝스러운 외모로 요괴와 인간들에게 놀림을 받는데다 인간들에게 제대로 겁을 주지 못한다며 아빠에게 매일 혼이 나던  두부 는 진짜 요괴로 변신하기 위해 스승  달마 와 함께 집을 나온다  하지만 사악한 너구리들의 꼬임에 넘어가 낡은 오두막에 갇히게 되고     년 후 간신히 탈출하게 된다  탈출한 세상이 온통 변해있는데다 요괴들의 모습은 온데간데 찾아 볼 수 없는 곳임을 알게 된  두부   과연  두부 는 완전히 다른 세상에서 무서운 요괴로 변하겠다는 결심을 지킬 수 있을까 
149,신밧드 더 무비,판타지,엄마와 원숭이 미미와 사는 신밧드  선원이던 아빠는 어릴 때 바다에 나간 뒤 돌아오지 않았지만  신밧드는 어릴 때부터 바다 건너편에 펼쳐진 미지의 세계를 동경해 왔다  그러던 어느 날  목마를 탄 소녀 사나가 하늘에서 나타난다  전설의 마법족 공주인 그녀는 전 세계에 흩어진 동료를 찾는 여행 중이다  그러나 사나가 지닌 마법의 비밀을 노리고 뒤쫓는 수상한 무리들이 있다  바로 갈리프와 그의 부하들  갈리프는 사나의 부모이자 마법족 왕의 제자 출신으로  그녀의 부모를 살해하고 사나의 마법을 이용해 세상을 자기 것으로 만들려는 야망을 품고 있다  신밧드는 사나를 구하려고 고군분투하지만  그녀는 어디론가 사라져 버린다  그런 신밧드를 지켜보던 바하르 호의 선장 라자크는 마침내 신밧드를 선원으로 받아들인다  그리고 신밧드는 엄마에게 이별을 고하고  꿈에 그리던 항해를 떠나는데  한편 폭풍으로 파손된 바하르 호를 수리하려고 가까운 섬에 정박한 신밧드와 바하르 호의 선원들은 수수께끼 섬에 숨겨진 램프를 찾아 나선다  그리고 그들의 뒤를 쫓는 달과 부하들  갑자기 움직이기 시작하는 섬  과연 신밧드는 마법의 램프를 찾을 수 있을까  긴 여정 끝에 마침내 도달한  한낮의 밤 과  수수께끼의 문   사나는 그토록 찾아 헤매던 동료들을 찾을 수 있을까 
150, 더빙  지브리 컬렉션 vol   ,판타지,라프텔에 지브리 라인업 첫 번째 상륙   천공의 성 라퓨타    이웃집 토토로    마녀 배달부 키키    추억은 방울방울    붉은 돼지    바다가 들린다    게드 전기   어스시의 전설 로 구성된  지브리 컬렉션        
151, 자막  원피스   에피소드 오브 스카이피아,판타지,해적왕을 꿈꾸는 소년 몽키    루피는 조로  나미  우솝  상디  쵸파  그리고 새로 동료가 된 로빈과 함께 항해를 계속한다  그러던 어느 날  하늘에서 갑자기 거대한 배가 산산조각이 되어 떨어지고  루피는 우연히 하늘섬  스카이피아 의 지도를 발견한다  하늘섬에 가는 방법을 찾던 중  루피 일행은 자야라는 섬에서 해적 몽블랑 크리켓을 만난다  그는  거짓말쟁이 노랜드 라는 그림책으로 유명한    여 년 전의 모험가  몽블랑 노랜드의 후손이었다  그가 보여준 노랜드의 항해일지에는 하늘섬에 대해 쓰여 있었다  노랜드는 거짓말쟁이가 아니고  진짜로 하늘섬에 갔을지도 모른다고 생각한 루피는 크리켓의 도움으로 거대한 괴물해류를 타고 하늘섬으로 향한다  그리고 마침내 새하얀 구름 위에 있는 나라  스카이피아에 도착한다  평화로워 보이는 그곳은 유일신  에넬이 지배하는 곳이었는데   
152,도라에몽   진구와 양철 인형,판타지,진구네 아버지는 잠결에 호텔 광고를 보고  자기집만 여행 안간다고 심통난 진구에게 알려준다  그러나 막상 생각해보니 잠결이었고  진구는 실망한다  그런데 집에 특이한 가방이 도착하고  가방을 여니 문이 나온다  안에 들어가니 멋진 호텔이 있는 섬인데    
153,게드 전기   어스시의 전설,판타지,     년  월  일 공개 예정입니다   여러 섬으로 이루어진 세계  어스시            갑자기 인간 세계에 들이닥친 용들은 하늘을 뒤덮고 땅은 황폐해져간다  세계 곳곳에 일어난 이변의 원인을 알아내기 위해 대현자 게드가 여행길에 오른다  그는 왕을 공격하고 달아난 엔라드의 왕자 아렌과 함께 동행하게 되고 그들은  호트 타운 에 도착한다  그러나 마약  인신매매가 판을 치는 도시의 모습은 세상의 붕괴를 보여주는 듯 했다  게드와 헤어지고 길을 잃은 아렌은 위험에 처한 테루를 구해주지만  오히려 위험에 처하게 되는데       몰락의 길을 걷는 세계  우연히 만난 그들  이 여행의 끝에서 그들이 마주하게 되는 것은 무엇인가  
154,극장판 어떤 마술의 금서목록   엔듀미온의 기적,판타지,학원도시 우주 엘리베이터  엔듀미온  그 완성을 눈앞에 둔 어느 날  카미조와 인덱스는 무능력자  레벨    소녀 메이고 아리사와 만난다  길거리 라이브에서 멋진 노랫소리를 보여준 그녀와 의기투합해서 방과 후를 즐겁게 보내고 있을 때  아리사에게 오디션 합격 연락이 온다  엔듀미온 개통 행사의 이미지 송으로 그녀의 곡이 발탁되었다는 내용이었다  하지만 그런 행복한 순간도 잠시뿐  마술사들을 데리고 스테일이 갑자기 습격해 왔다  그의 목적은 아리사였다  어째서 과학 사이드의 인간인 그녀가 마술 사이드에게 노려지는 것인가  마술 사이드의 습격을 받고 학원도시 측은 여성 리더 셧아우러가 이끄는 질서 유지 부대  검은 까마귀 부대 를 전개한다  카미조와 인덱스  그리고 아리사를 둘러싼 상황이 혼란을 더해가는 가운데  스테일은 이렇게 말한다   그 여자는 마술 사이드와 과학 사이드 사이에 전쟁을 일으킬지도 모른다 라고 
155, 더빙  지브리 컬렉션 vol   ,판타지,라프텔에 지브리 라인업 세 번째 상륙   귀를 기울이면    바람이 분다    벼랑 위의 포뇨    추억의 마니    코쿠리코 언덕에서    폼포코 너구리 대작전    하울의 움직이는 성 으로 구성된  지브리 컬렉션        
156, 더빙  테테루   테디베어 마을의 비밀,판타지,꿈이 자라나는 테디베어 마을을 마녀들로부터 지켜내려는 테디베어 삼총사의 모험이야기
157,추억은 방울방울,판타지,     년  월  일 공개 예정입니다   도쿄에 사는 오카지마 타에코는 여름 휴가때 시골을 방문하게 되는데  그곳에서 회사를 그만두고 귀농한 토시오를 만난다  타에코는 토시오와 점차 가까워지면서 초등학교 때 겪었던 일들을 나누게 된다  그렇게 둘은 점점 친해져가고 휴가일은 끝나가는데    타에코가 시골 생활을 하며 겪는 일들과 새롭게 느끼는 감정을 중심으로 이야기가 그려진다 
158, 더빙  타발루가와 얼음공주,판타지,그린랜드에 사는 꼬마 용  타발루가 는 진정한 용의 불을 찾기 위해 아이스랜드로 떠나고 그곳에서 얼음공주  릴리 를 만나 둘은 친구가 된다  한편  속임수로 아이스랜드를 지배하던 악당  악토스 는 마지막으로 살아남은 용  타발루가 를 없애고 그린랜드까지 차지하려 하는데  과연   타발루가 와  릴리 는 그린랜드와 아이스랜드를 지켜낼 수 있을까 
159, 더빙  치에리와 체리,판타지,상상력이 뛰어난 소녀  치에리 는  년 전 아빠를 여의고 상상 속의 친구  체리 와 꼭 붙어 지낸다  아빠의 기일을 맞아 할머니 댁에 온 치에리는 홀로 집안 이곳저곳을 구경하고  새로운 친구들과 뜻밖의 추억을 만들게 된다
160,폼포코 너구리 대작전,판타지,     년   월  일 공개 예정입니다   도쿄 타마산에서 평화롭게 살아가던 너구리들  그러나 타마 개발 계획이 시작된 후 너구리들의 삶의 터전은 점점 파괴되어 간다  너구리들은 이에 맞서기 위해 변신술 사범들을 초청해 금지되어있던 요술 수련을 시작한다  너구리들은 여러 수단을 사용해 인간들에 저항하지만 거주지를 되찾기가 쉽지만은 않은데    자연을 지키기 위한 너구리들의 대작전이 시작된다 
161,신밧드    마법의 램프와 움직이는 섬,판타지,줄거리 정보가 없는 작품이에요 
162,도라에몽   진구와 구름 왕국,판타지,진구와 도라에몽은 진구가 하늘에 사람이 사는지 궁금하다고 해 구름의 왕국을 만들기로 하지만 생각보다 쉽지 않다  그러다 어른들의 대화를 들은 진구가 아이디어를 생각해내고 왕국의 건설에 성공한다  그러나 하늘에는 구름의 왕국만 있는 것이 아니었는데 
163,추모열전,판타지,옛날 고리국에 신의 아들로 불리는 추모라는 아이가 있었다  금와왕의 양자가 된 추모는 어려서부터 유난히 활솜씨가 뛰어났다  하지만 특별한 추모에게 질투를 느끼던 형 왕자 들로 인해 추모는 변방으로 쫒겨나게 된다  그러자 고리국에는 재앙이 일어나고 추모가 이를 해결하여 백성들의 영웅이 되자 질투심에 불탄 형들은 추모를 없애려 한다  자객들로 인해 죽을 위기에 처한 추모가 자신의 운명에 대해 한탄하고 있을 때  알 수 없는 외계인들이 눈앞에 나타난다 
164, 자막  스파이즈,판타지,고도의 훈련을 받은 스페셜 에이전트 윌리스는 임무 수행 중 실수로 인해 좌천을 당한다  하지만 정체 모를 침입자들의 습격을 받게 된 후  그들의 목적이 지구 생명체의 모든 종을 말살시키려는 것이라는 첩보를 입수한 윌리스는 다시 현장으로 복귀하게 되는데  과연 지구의 모든 종을 말살시키려는 음모를 저지하고 지구를 구할 수 있을까 
165, 더빙  극장판 도라에몽   진구의 우주소전쟁,판타지,친구와 함께라면 강해질 수 있어  여름방학 어느 날  진구가 주운 작은 로켓 안에서 손바닥만 한 우주인  파피 가 나타난다  우주의 머나먼 곳에 있는 작은 별  피리카 의 대통령인 그는 반란군에게서 도망쳐 지구에 왔다고 한다  처음에는 너무 작은  파피 의 사이즈에 당황하던 도라에몽과 진구는 비밀도구  스몰 라이트 로 작아져서 함께 놀며 친구가 된다  그러나 고래 형태의 우주전함이  파피 를 붙잡기 위해 지구에 나타나 이들을 공격하고  모두를 끌어들인 것에 책임감을 느낀  파피 는 홀로 반란군에 맞서고자 하는데  소중한 친구  파피 와 그의 별을 지키기 위한 도라에몽과 친구들의 우주 모험이 시작된다 
166,도라에몽   진구와 꿈의 삼총사,판타지,좋은 꿈을 꾸다 깬 진구는 꿈을 계속 꾸지 못하는 것을 아쉬워한다  결국 도라에몽에게 꿈을 계속 꿀 수 있는 도구를 달라고 부탁하고 도라에몽은 어쩔 수 없이 꺼내주고  도라에몽과 진구는 그 도구를 이용한다  한편  진구는 한 남자를 만나게 되고 그 남자는 꿈의 삼총사라는 아리송한 말을 남기고 사라지고 그 후 그 꿈의 삼총사가 마음대로 꿈을 꿀 수 있는 기계와 연관된 것을 알게 된다  진구는 도라에몽을 졸라 다시 꿈을 꾸게 되는데    
167,극장판 귀멸의 칼날   아사쿠사편,판타지,귀살대에 입대한 탄지로는 매일 소녀가 실종된다고 하는 마을로 향한다  혈귀의 냄새는 나지만 그 모습을 찾을 수 없는 가운데  새로운 소녀에게 혈귀의 손이 다가온다  그다음으로 탄지로가 방문한 곳은 아사쿠사  화려한 도시와 즐비한 상점에 당황하는 탄지로는 그곳에서 혈귀의 냄새를 찾아낸다  그 냄새는 인간을 혈귀로 바꿀 수 있는 유일한 존재이자 탄지로의 숙적이기도 한 키부츠지 무잔의 것이었다  이윽고 탄지로의 앞에 타마요와 유시로가 나타나는데 
168,달빛궁궐,판타지,떠나자  환상의 세계로  달빛세계로 통하는 문이 열렸다  우연히 창덕궁 속 환상의 세계  달빛궁궐 로 들어가게 된 열세살 소녀  현주리  김서영   그곳에서 사고뭉치  다람이  김슬기 와 훈남무사  원  권율 을 만난 현주리는 집으로 돌아가기 위해 길을 찾아 나서지만  시간을 움직이는 자격루의 열쇠를 차지해 달빛궁궐을 지배하려는  매화부인  이하늬 의 계략으로 모두 위험에 빠지는데  과연 현주리는 위기에 빠진 달빛궁궐을 구하고 집으로 돌아갈 수 있을까 
169,출동  케이캅 극장판   제 원소의 비밀,판타지,현직 경찰관인  장대수 와  한방 이 우주에서 온  스텔라 공주 를 구해주고 슈퍼파워를 얻어  케이캅 이 된다  우주악당  크로노스 와 피톤제국 최고의 전사인  타이탄   승리를 위해서는 수단과 방법을 가리지 않는 비열한 전사  싸이퍼 까지  악당들을 상대하며 점점 파워가 증가하면서  케이캅 은 업그레이드 되어 더욱 강해진다   케이캅    크로노스  과연 최후의 승자는 누가 될 것인가 
170,안녕 전우치   도술로봇대결전,판타지,조선시대에서 백성을 괴롭히는 왕을 혼내준 뒤 입술 엘리베이터를 타고    년의 시간을 훌쩍 넘어     년 현재로 오게 된 전우치는 서울 부암동으로 이사 온 초등학생 석이와 무술 신동 산초를 만나게 되고 셋은 친구가 된다  그 사이 조선에서는 전우치의 친구이자 라이벌인 도사 우당탕과 왕이 손잡고 전우치에게 복수를 계획하며 비밀병기 도술로봇까지 만들게 된다  한편 시간을 넘나들며 우정과 모험을 쌓아가던 우치와 친구들은 왕과 우당탕의 계략에 의해 째깍째깍 물고기가 살고 있는 시간의 방에 갇히게 되는 최대 위기에 빠지게 된다  째깍째깍 물고기에게 시간을 빼앗겨 아이가 된 전우치가 능력을 잃어버린 틈을 타 왕은 도술로봇을 이용해 백성들을 또 다시 괴롭히는데  어린이들의 최고의 친구  최고의 영웅  명랑 히어로 전우치의 대모험이 시작된다 
171,신밧드    한낮의 밤과 수수께끼의 섬,판타지,줄거리 정보가 없는 작품이에요 
172,극장판 귀멸의 칼날   장구저택편,판타지,꺽쇠 까마귀가 일러준 다음 임무지는 남남동  임무로 향하는 도중 탄지로는 최종 선별에서 만난 동기 검사인 아가츠마 젠이츠를 우연히 만난다  젠이츠의 소극적인 태도에 애를 태우면서  탄지로는 산의 오지에 있는 저택에 다다른다  그곳에는 장구로 저택을 변화시킬 수 있는 능력을 가진 혈귀의 모습이 보이고  심지어 멧돼지 얼굴의 기괴한 남자가 나타나는데 
173,안녕  전우치  스페셜,판타지,재치와 상상력이 돋보이는 명랑만화  안녕  전우치   를 바탕으로 만화적 재미와 아날로그 감성을    애니메이션으로 살려낸다    드라마와 영화 및 도서에 사용되며 어린이들에게 가장 인기 있는 전설의 영웅 캐릭터  전우치  와 상상력을 가장 잘 담아내는  타임슬립 이라는 꾸준한 인기 소재로      년 극장판에 이어서   스페셜로 제작했다  전우치와 석이가 현대에서 일어난 사건을 해결하는 현대편  전우치   왕의 대결구도가 생겨나게 된 배경을 그린 조선시대 이야기가 일종의 프리퀄격으로 펼쳐지는 과거편 등  편의 에피소드로 구성돼 있다 
174, 더빙  요술 상자,판타지,신기한 요술 상자 속으로 쏘옥  환상의 나라가 활짝  파랑 고양이 키트와 케이트 남매와 함께 하는 요술 상자 속 신나는 여행  키트와 케이트는 항상 같이 노는 사이좋은 남매랍니다  둘에게는 아무도 모르는 비밀이 있죠  바로 어디든지 데려다주고 무엇이든 되게 해주는 요술 상자  요술 상자 속으로 뛰어들었다가 뾰로롱 튀어나오면 어느새 눈앞에는 꿈꾸던 세계가 펼쳐져요  이따금 실수를 하거나 말썽을 피워도 괜찮아요  요술 상자는 스스로 반성하고 깨우피는 친구들에겐 다시 한 번 기회를 주니까요  자  친구들도 키트와 케이트와 함께 요술 상자 속 멋진 세상으로 떠나요 
175, 더빙  호두까기 인형   장난감 왕국 대모험,판타지,장난감 왕국에서 펼쳐지는 환상의 모험  크리스마스 이브  남매인  마리 와  프리츠 는 선물을 기대하고 있다  두 사람은 할아버지  드로셀마이어 에게 호두까기 인형을 선물로 받게 된다  그날 밤   마리 는 장난감 왕국을 파괴하려는  쥐마왕 과  호두까기 인형 의 놀라운 전투를 목격하게 되고  얼떨결에  마리 와  프리츠 는  호두까기 인형 을 따라 장난감 왕국을 지키기 위한 모험을 떠나게 된다  과연  마리 와  프리츠 는  호두까기 인형 과 함께 왕국을 지켜낼 수 있을까 
176, 더빙  오즈의 마법사   돌아온 도로시,판타지, 오즈의 마법사  원작 탄생    주년 기념 대작 빛이 사라진 에메랄드 시티를 구원할 도로시가 돌아왔다  안녕  나는 캔자스에 사는 도로시라고 해  어느 날 마법 같은 일이 일어났어  무지개가 나를 쫓아와 어디론가 데려가더니 어느새 에메랄드 시티 오즈에 도착하게 된 거야  자 이제 위기에 처한 오즈와 친구들을 구하기 위해 새로운 모험을 떠나볼까  모두 함께 출발  
177,볼츠와 블립 달나라 리그의 전투,판타지,    년  평화로운 달나라와 지구  매일같이 똑같은 하루에 따분해 하던 평범한 로봇  볼츠 와  블립 은 우연히 꿈에 그리던 전투 로봇으로 뽑히게 된다  전투 로봇들이 팀을 나눠 겨루는 달나라 리그에서 꼴찌팀  썬더볼츠 에 들어가게 된 볼츠와 블립  하지만 경기가 진행될수록 블립은 자신도 몰랐던 특별한 능력을 깨닫고 우주 영웅으로 거듭난다  이때  우주를 지배하려는 블러드 박사는 달나라와 지구를 위협하고 영웅이 되어 인기를 독차지한 친구 블립을 질투하던 볼츠는 블러드 박사와 손을 잡고 만다  이에 블립은 우주를 구하기 위해  그리고 친구 볼츠의 마음을 돌리기 위해 용감한 도전에 나서는데    
178, 더빙  동화나라 포인포,판타지,동화 속 신비한 나라 포인포에서 무슨 일이 펼쳐지는 걸까  동화 나라 포인포   악당 멜이 동화 속 주인공들을 가둬버렸어요   피터팬이 더 이상 날지 못 한다면   신데렐라가 없어져 버린다면   동화책 속 동화들이 모두 사라져 버릴 거예요  과연 동화를 사랑하는 비비와 포포  부는 악당 고양이 멜을 물리치고  위험에 빠진 동화나라를 지킬 수 있을까요 
179,도라에몽   진구의 도라비안 나이트,판타지,줄거리 정보가 없는 작품이에요 
180,써니버니 시즌  ,판타지,써니버니는 터보  빅부  샤이니  아이리스  호퍼라는 이름의 푹신한 빛의  개 공으로  빛이 있는 곳이면 어디든지 나타날 수 있다  토끼들은 항상 기쁨과 행복을 가져다 주며  새롭고 흥미로운 장소를 탐험하기 위해 내려가며  재미있고 장난스러운 게임을 즐긴다  모두 아이들이 쉽게 인식하고 사랑하게 될 수 있는 뚜렷한 특징을 가지고 있다  써니 버니는 재미  우정  발견  협동에 대한 모든 것이다 
181, 더빙  몬스터 랜드,판타지,좀비  뱀파이어 유령  늑대인간 등 다양한 괴물들을 고용하여 운영중인  몬스터 랜드 에 안전담당 공무원 엑토르가 나타나 규정을 어겼다며 경영난을 겪고 있는 이곳을 폐쇄하려하자  뱀파이어 경영인 프랑시스는 그를 좀비로 만든다  졸지에 외동 딸 루시와 생이별을 하게 된 엑토르는 다시 딸과 만날 수 있을까 
182, 더빙  이퀘스트리아 걸스   명절 이야기 모음,판타지,시험 기간 이야기  사과 소다 만들기  쇼핑하기  명절 보내기 등등  이퀘스트리아 걸스 친구들의 다양한 이야기가 펼쳐진다 
183,출동 케이캅 특별판,판타지,만년경사 장대수는 순경 한방과 함께 우연히 지구로 탈출한 스텔라 공주를 구출한다  참수리마크를 본 스텔라의 오해로  대수와 한방은 졸지에  케이캅 이 되면서 스텔라를 추격한 우주악당 키마이라와 그의 졸개 크로우들과 첫 번째 대결을 벌이게 된다 
184,원피스 스페셜    밀짚모자 루피 두목의 수사 기록,판타지,그랜드 지판이라는 나라에 버기가 이끄는 광대 일가가 나타나 돈을 빼앗고 마을들을 지배한다  이 소식을 우솝에게서 들은 루피는 그곳으로 가 광대 일가들을 물리치고 버기를 붙잡는데 성공한다  그런데 갑자기 나타난 사자 리치가연막탄을 던지고 그 사이에 버기와 광대 일가들은 돈과 함께 사라진다  루피는 그곳에서 만난 쵸파를 데리고 나미네 가게로 온다  루피에게서 도망친 광대 일가들은 나미를 납치하는데 
185, 더빙  치치핑핑 동물동요,판타지,치치핑핑과 진짜 동물들이 만났다  아이들이 좋아하는 강아지  고양이  곰 등 실제 동물들과 함께 즐기는 신나는 동물동요  깜찍한 동물들과 함께 엄마 아빠도 즐겁게 춤추고 노래해요 
186,라이온 킹   잃어버린 세계를 찾아서,판타지,개 은하     년  이제는 동물이 우주를 지배하는 시대가 왔다  어느 날  우주를 순찰하던 스타포 함선은 사자 왕국 행성을 노리는 우주 해적에 관한 이야기를 듣게 되는데   
187, 더빙  치치핑핑 공룡동요,판타지, 치피치피 치피치피  치치핑핑 탐험대    멋진 치치핑핑 탐험대와 함께 공룡 친구들을 만나러 가볼까요  아이들이 좋아하는 티라노사우루스  파키케라톱스  프테라노돈  브라키오사우루스 외 많은 공룡 친구들과 함께 춤을 추는 신나는 공룡동요  어깨 들썩 엉덩이 흔들   엄마 아빠도 즐겁게 춤추고 노래해요 
188,마이 리틀 포니   최고로 멋진 선물,판타지,할리데이를 맞이해 재미있는 게임을 하기로 한 포니들  딱 한 포니에게만 선물을 사준다는 소식  다만 이런저런 자잘한 착오가 생기며 일이 꼬이기 시작하는데  과연 최고로 멋진 선물을 찾아서 받게 될 포니는 누가 될까요 
189, 더빙  치치핑핑 시즌  ,판타지,상상을 초월하는 판타지한 세계를 여행하며  밝혀지는 황금지구본 숨겨진 비밀과 험난한 도전  모험속에서 서로에 대한 믿음과 우정을 쌓아가는 치치핑핑 탐험대
190, 더빙  이퀘스트리아 걸스   잊혀진 우정,판타지,친구들과 함께 열심히 학교 앨범을 만들고 있던 선셋 쉬머는 월플라워 블러시라는 아주 조용하고 존재감이 없는 친구를 만나게 돼요  월플라워는 일년 동안 학교 앨범 제작 위원회에 있었지만 그 누구도 몰랐을 정도로 조용한 친구였어요  그 후 앨범에 실을 사진을 찍기 위해 친구들과 바닷가로 갔지만 갑자기 친구들이 선셋에게 차갑게 굴기 시작했어요  선셋과 화해하고 친구가 되었다는 사실을 잊은 것처럼요  어떻게 된 일인지 알아보기 위해 선셋은 이퀘스트리아에 있는 트와일라잇 스파클 공주에게 도움을 청해요 
191,써니버니 시즌  ,판타지, 언어가 없는 특별한 애니메이션입니다  써니버니가 돌아와 에너지와 모험 그리고 웃음으로 폭발하고 있다  그들은 항상 밖으로 나와 그들 자신을 즐겁게 하는 새로운 방법을 만들어낸다  써니버니들은 배우고 모험을 하는 것에 매우 열심이지만  이번에는 성인 직업의 세계를 발견하기도 한다  누가 가장 빠른지 결정하는 것  그들의 농장에서 농작물을 수확하는 것  춤과 그림을 배우는 것  그리고 재미있는 스포츠를 시도해 보는 것 등이다  우리의 작은 솜털들은 항상 다른 사람들과 친구를 사귀고 함께 놀 수 있는 새로운 방법을 찾아낸다  써니버니들의 모험이 계속된다 
192,써니버니 시즌  ,판타지, 언어가 없는 특별한 애니메이션입니다  써니버니는 터보  빅부  샤이니  아이리스  호퍼라는 이름의 푹신한 빛의  개 공으로  빛이 있는 곳이면 어디든지 나타날 수 있다  토끼들은 항상 기쁨과 행복을 가져다 주며  새롭고 흥미로운 장소를 탐험하기 위해 내려가며  재미있고 장난스러운 게임을 즐긴다  모두 아이들이 쉽게 인식하고 사랑하게 될 수 있는 뚜렷한 특징을 가지고 있다  써니 버니는 재미  우정  발견  협동에 대한 모든 것이다 
193,이상한 과자가게 전천당 스페셜,판타지,과자를 산 사람의 운명을 바꿀 수 있는 이상한 과자 가게  전천당에서 펼쳐지는 신기한 이야기
194, 자막  몬스터 랜드,판타지,좀비  뱀파이어 유령  늑대인간 등 다양한 괴물들을 고용하여 운영중인  몬스터 랜드 에 안전담당 공무원 엑토르가 나타나 규정을 어겼다며 경영난을 겪고 있는 이곳을 폐쇄하려하자  뱀파이어 경영인 프랑시스는 그를 좀비로 만든다  졸지에 외동 딸 루시와 생이별을 하게 된 엑토르는 다시 딸과 만날 수 있을까 
195,극장판 포켓몬스터   뮤츠의 역습 EVOLUTION,판타지,포켓몬    복제 포켓몬 사상 초유의 대결이 펼쳐진다  최고의 포켓몬 트레이너만을 초대하는 의문의 카드를 받게 된 지우와 친구들은 거센 폭풍우를 뚫고 포켓몬성으로 향한다  하지만 그곳에서 그들을 기다리는 건  인간에 대한 역습을 선언한 강력한 전설의 포켓몬 뮤츠  뮤츠는 복제 포켓몬을 만들어 포켓몬 트레이너들에게 공격을 시작하고  때마침 나타난 환상의 포켓몬 뮤와 함께 지우와 친구들은 운명을 건 피할 수 없는 대결을 시작하는데 
196,Sweet Dream,판타지,동화책 속에서 나온 세 마리의 괴물들이 자고 있는 아이의  꿈 을 먹기 위해 힘을 합친다  그러나 괴물들이 욕심을 부리기 시작하면서 일이 틀어지기 시작하는데  
197, 더빙  호빵맨   꼬마 사과와 모두의 소원,판타지,많은 사과가 여무는 아름다운 섬 애플 랜드  거기에 잘 생긴 영웅을 동경하는 아기 사과들이 살고 있었다  어느 날 섬 전체의 사과가 누군가에 의해 독 사과가 되어 버린다  소중한 고향을 구하기 위해 호빵맨과 아기 사과는 세계에서 가장 큰 사과를 맺는다는 마법의 씨앗을 찾아 간다  매끈한 사람 이야말로 영웅이라고 생각하는 아기 사과  그러나 도중에 어떤 어려움이 발생해도 결코 포기하지 않고  모두를 위해 열심히 계속 노력하는 호빵맨의 모습을보고 진정한 영웅이 무엇인지 알게된다  고향을 지키기 위해 호빵맨과 아기 사과  그리고 세균맨도 협력한다  과연 모두의 소원은 이루어 질까
198, 더빙  리틀 고비,판타지,말썽꾸러기 삼총사 꼬마 사슴 고비와 쌍둥이 드래곤 비비  쿠마  크리스마스를 앞둔 어느 날  호기심 많은 고비는 하버보드를 타고 장난을 치다가 그만 비비를 다치게 만든다  아픈 비비를 보며 잘못을 뉘우치고 있는 고비에게 할아버지가 전설을 들려주는데  바로 크리스마스가 되기 전에 산타클로스에게 소원을 이야기하면 이루어진다는 것  이에 고비는 쿠마와 함께 산타클로스를 만나러 산타랜드로 떠난다 
199, 더빙  이퀘스트리아 걸스   롤러코스터 같은 우정,판타지,애플잭과 레리티는 새로 개장하는 놀이공원  이퀘스트리아 랜드 에서 아르바이트를 하기 위해 지원하지만 애플잭은 뽑히지 않고 레리티만 뽑혔네요  원래 지원했던 아르바이트가 아닌 디자이너로서 일하게 된 레리티는  이퀘스트리아 랜드 의 홍보를 맡은     스타 비네트 발렌시아를 만나게 돼요  레리티의 초대로 친구들 모두  이퀘스트리아 랜드 에 놀러 가게 되고  비네트와 레리티가 순식간에 친해지자 애플잭은 기분이 언짢아 보여요  게다가 주변에 점점 이상한 일이 일어나기 시작해요 
200, 자막  극장판 도라에몽   진구의 우주소전쟁,판타지,친구와 함께라면 강해질 수 있어  여름방학 어느 날  진구가 주운 작은 로켓 안에서 손바닥만 한 우주인  파피 가 나타난다  우주의 머나먼 곳에 있는 작은 별  피리카 의 대통령인 그는 반란군에게서 도망쳐 지구에 왔다고 한다  처음에는 너무 작은  파피 의 사이즈에 당황하던 도라에몽과 진구는 비밀도구  스몰 라이트 로 작아져서 함께 놀며 친구가 된다  그러나 고래 형태의 우주전함이  파피 를 붙잡기 위해 지구에 나타나 이들을 공격하고  모두를 끌어들인 것에 책임감을 느낀  파피 는 홀로 반란군에 맞서고자 하는데  소중한 친구  파피 와 그의 별을 지키기 위한 도라에몽과 친구들의 우주 모험이 시작된다 
201,애코와 친구들,판타지,숫자 친구들 모두 모여라  숫자 모양으로 가득한 놀이동산 넘버랜드  애코와 친구들은 넘버랜드에서 즐겁고 신나는 일상을 보냅니다  한편  넘버랜드를 독차지하고 싶은 숫자 대마왕 마구마우는 부하 빵쥐들을 이용해 사건을 일으키는데  과연 애코와 친구들은 마구마우로부터 숫자친구들을 구할 수 있을까요 
202, 더빙  리틀 뱀파이어,판타지,뱀파이어 덕후인   살 소년 토니는 부모님과 독일 여행 중 진짜 뱀파이어 루돌프를 만난다    살 생일만    번째 맞이한 루돌프는 뱀파이어 사냥꾼의 공격을 피하던 중 토니를 만나 친구가 된다  그리고 두 소년은 뱀파이어 사냥꾼에게 붙잡힌 뱀파이어 패밀리를 구하기 위해 일생일대 꿈 같은 모험을 시작한다 
203, 더빙  눈의 여왕  ,판타지, 마법의 시대는 모두 끝났어   과학과 기술만을 최고로 여기는 해럴드 왕은 우연히 발견한 마법 유물 미러랜드의 문을 이용해 세상의 마법사들을 그곳에 가두려는 계략을 세운다  위험에 처한 마법사들과 겔다의 가족들은 최후의 수단으로 함께 갇혀있던 눈의 여왕에게 도움을 요청하는데  과연  겔다와 눈의 여왕은 함께 힘을 합쳐 해럴드 왕의 음모로부터 마법 세계를 구할 수 있을 것인가  
204,쥬라기캅스 특별판    데스바리안의 부활을 막아라  ,판타지,지구를 지키는  명의 수호자들과 쥬라기캅스들이 데스바리안의 야망과 그의 완전한 부활을 막기 위해 용감하게 맞서 싸운다 
205,쥬라기캅스 특별판  탄생  쥬라기캅스 ,판타지,지구를 지키는  명의 수호자들과 쥬라기캅스들 모두가 데스바리안의 습격에 맞서기 위해 오늘도 나간다 
206, 더빙  오즈의 마법사  ,판타지,도로시와 친구들의 도움으로 평화가 찾아온 오즈의 세계  착한 마녀 글린다는 다시 한 번 기회를 주기 위해 서쪽 마녀 에블린을 되살리고 그녀의 힘을 빗자루에 봉인한다  하지만 사악한 서쪽 마녀 에블린은 빗자루를 빼앗아 힘을 되찾으려 하고 마법의 세계 오즈는 다시 위기에 빠진다  날개달린 원숭이  윌리 와 꼬마 마녀  개비 는 에블린의 힘이 봉인된 마법의 빗자루를 없애기 위해 도로시의 세 친구들인 용기 있는 사자  두뇌를 얻은 허수아비  뜨거운 심장을 가진 양철 나무꾼을 찾아 모험을 떠나는데     과연 그들은 힘을 합쳐 다시 오즈를 구해낼 수 있을까 
207,극장판 후로티 로봇,판타지,세상을 구할 달콤한 오렌지  씨씨 와 용감한 소년  태양 의 달 콤 용 감 한 어드벤처  평화로운 과수원에 살고 있는 오렌지  씨씨   사람을 조심하라 는 부모님의 말씀을 어기고 꼬마 친구  태양 의 눈에 띄어 가족들과 떨어져 과일가게에 가게 된다  모두가 잠든 밤   태양 이의 영혼이  씨씨  몸 속으로 들어가게 되고  과일 가게의 과일 친구들이 나쁜 쥐대왕 때문에 위험에 처한 것을 알게 되는데  과일 친구들을 무사히 구해내는 방법은 전설의  후로티로봇 을 이용하는 것뿐  과연  씨씨 와  태양 은 무사히 친구들을 구해내고 가족의 품으로 돌아갈 수 있을까  
208,극장판 스푸키즈   비밀과외,판타지,낮에는 인간 아이들이  밤에는 몬스터 아이들이 생활하고있는 시골의 한 초등학교  몬스터 아이들은 인간의 눈을피해 그들만의 비밀스러운 학교생활을 지켜나간다  그러던 어느날 인간 소녀가 놓고 간 핸드폰 때문에  절대 만나지 말아야 할 두 존재가 만나게 된다  과연 인간 소녀와 몬스터는 친구가 될 수 있을까 
209, 더빙  비밀의 바람숲,판타지,제주의 자연유산  곶자왈 을 배경으로 일상에 지친 사람들이 연이네 게스트하우스에 머무르며  곶자왈 요정들의 마법을 통해 힐링과 행복을 얻는다
210, 더빙  이퀘스트리아 걸스   레인보우 로드 트립,판타지,어느 날  무지개 축제 에 초대를 받은 레인보우 대시는 친구들과 함께 호프 할로우라는 마을을 찾아간다  그러나 정작 호프 할로우는 색깔이 하나도 없는 회색빛 풍경을 하고 있었으며  이 마을의 시장인 써니 스카이스가 도움을 요청하기 위해 레인보우 대시를 초대했다는 사실을 알게 된다 
211,빼꼼의 머그잔 여행,판타지,빼꼼  베베  꽁꽁  도도  후다닥    말이 필요없는 웃기는 녀석들이 떴다  크리스마스 이브  크리스마스를 기다리고 있는 베베의 마음을 알아챈 산타클로스 할아버지는 꿈에도 잊지 못할 크리스마스 선물을 준다  바로 마법 펜던트    멋도 모르고 마법 펜던트를 조심히 돌려보니    베베의 눈앞에 나타난 건 커다란 머그잔    머그잔이 베베를 데려간 곳은 몸이 꽁꽁얼 정도로 추운 북극   북극에서 처음으로 만난 사람   은 떡하니 낚시를 하고 있는 곰   빼꼼   금방이라도 자기에게 달려들 것만 같이 무섭게만 보이는  빼꼼 이지만 웬걸  하는 짓이 여간 우스운 것이 아니다  하지만 북극에는 엉뚱하게만 보이는  빼꼼 만이 있는 것이 아니었다   한눈에 젠틀한 남자라는 것을 알 수 있는 펭귄  꽁꽁 이와 멋부리기 좋아하는 도도한 펭귄녀  도도 가 있었던 것  그런데 이들의 관계가 뭔가 묘 하다  낯선 곳에 떨어진  베베 는 집에 가고 싶은 마음뿐이다  그러기 위해서는 마법의 머그잔을 불러오는 펜던트를 손에 넣어야만 한다  하지만 펜던트는  빼꼼 과  꽁꽁    도도 를 엉뚱한 곳으로만 데려가기만 하고   이들의 좌충우돌 모험의 결말은 과연 
212, 더빙  뮨  달의요정,판타지,태양과 달을 지키는 요정들이 존재하는 신비로운 빛의 세계 달의 요정  뮨 은 얼떨결에 밤과 꿈을 책임지는 최고의 수호자로 임명된다  하지만 태양의 수호자  소혼 은 어리버리한  뮨 이 달의 수호자로 임명된 게 마땅치 않다  그러던 어느 날  한때는 위대한 태양의 수호자였지만 지금은 암흑의 지배자가 되어버린  네크로스 가 태양을 훔쳐가고  빛의 세계는 어둠에 빠지게 되는데  달의 수호자 뮨과 태양의 수호자 소혼  그리고 양초소녀 글림까지 사라진 태양과 달을 되찾기 위한 그들의 환상적인 모험이 시작된다 
213,극장판 벰   비컴 휴먼,판타지,번영과 빈곤이 운하를 사이에 두고 마주보고 있는 도시  리브라 시티  사건을 쫓는 여자 형사 소니아는 벰  베라  베로를 만난다  흉측한 모습으로 변신한다는 이유로 요괴 인간이라 불리는 그들은  인간이 되고 싶다 는 소원을 위해 사람들을 돕고 있었다  그러나 또 다른 요괴 인간 베가와의 격투에서 리브라 시티를 지킨 후  갑자기 종적을 감추어 버린다   년 뒤  벰을 계속 찾아다니던 소니아는 벰과 똑같이 생긴 벨름 아이즈버그를 발견한다 
214,곶의 마요이가,판타지,아기 여우 곶  방  개  단층집  길 잃은 사람들을 위한 전설의 마요이가에 초대합니다  갈 곳 없어 방황하는   세 소녀  유이와 사고로 부모님을 잃은 충격으로 목소리를 잃어버린  살 소녀  히요리  우연히 만난 낯선 할머니 키와와 함께 도착한 곳은 바다가 보이는 낡은  마요이가 였다  도호쿠 지역의 이와테현에는 신기한 전설들이 많은데  그 중 하나가  길 잃고 헤매다 찾아온 방문자에게 부를 가져다 준다는 움직이는 집 이 있다는 것이다  그 집의 이름이 바로  마요이가 였다  혈연 관계가 없는 새로운 가족들의 신기하면서 따뜻한 공동생활이 새 보금자리인  곶의 마요이가 에서 시작된다 
215, 자막  뮨  달의요정,판타지,태양과 달을 지키는 요정들이 존재하는 신비로운 빛의 세계 달의 요정  뮨 은 얼떨결에 밤과 꿈을 책임지는 최고의 수호자로 임명된다  하지만 태양의 수호자  소혼 은 어리버리한  뮨 이 달의 수호자로 임명된 게 마땅치 않다  그러던 어느 날  한때는 위대한 태양의 수호자였지만 지금은 암흑의 지배자가 되어버린  네크로스 가 태양을 훔쳐가고  빛의 세계는 어둠에 빠지게 되는데  달의 수호자 뮨과 태양의 수호자 소혼  그리고 양초소녀 글림까지 사라진 태양과 달을 되찾기 위한 그들의 환상적인 모험이 시작된다 
216, 자막  리틀 뱀파이어,판타지,뱀파이어 덕후인   살 소년 토니는 부모님과 독일 여행 중 진짜 뱀파이어 루돌프를 만난다    살 생일만    번째 맞이한 루돌프는 뱀파이어 사냥꾼의 공격을 피하던 중 토니를 만나 친구가 된다  그리고 두 소년은 뱀파이어 사냥꾼에게 붙잡힌 뱀파이어 패밀리를 구하기 위해 일생일대 꿈 같은 모험을 시작한다 
217, 더빙  극장판 포켓몬스터W  신이라 불리는 아르세우스,판타지,지우와 고우는 조사연구 임무를 위해 신오지방에 도착하고  운하 도서관에서 주최하는 페스티벌에 참가하게 된다  거기서 만나는 빛나  팽도리 그리고 난천과 즐거운 시간을 보내던 중  갤럭시단이 꾸미는 실험으로 신오지방이 위험에 빠지게 되고 마침내 환상의 포켓몬 아르세우스까지 등장하게 되는데 
218,드래곤 스펠   마법 꽃의 비밀,판타지,붐샬라붐   실수로 외운 주문이 마법 세계의 문을 열다  아버지처럼 드래곤 헌터가 꿈인  니키 는 잘못된 마법주문으로 마법 세계  찬티스피어 에 빠지게 된다  이곳은 열라 빠른 달팽이와 초대형 잠자리 등 상상도 못 했던 일들이 눈앞에 펼쳐지는 마법세상  어리둥절하기만 한 니키는 찬티스피어의 신비소녀  록키 를 만나게 되고 마법세상 뿐 아니라 인간세상을 위협하려는 전설의 마지막 드래곤을 물리칠 여정을 시작 하는데 
219,판도라와 아쿠비,판타지,정말 이 세계에 있는 거야   강렬한 태양이 내리쬐는 황야를 유랑하는  판도라 와  아쿠비   두 사람은 여기저기로 흩어져 버린  세계를 멸망시키는 능력을 갖췄다고 알려진  재앙의 조각 을 회수하기 위해 이 세계로 왔다  한편  범행이 만연한 쓰리 호크스 타운의 보안관  미후네 고 는 거리의 평화를 위해 쉴 틈 없이 노력하고 있다  어린 시절부터 그려왔던 레이서의 꿈을 포기하고  이 직업을 택한 그의 모습을 지켜보던 단골집 여주인  루이즈 는 그의 행동을 석연치 않아 하는데   
