titles,category
 더빙  꿈빛 파티시엘 리마스터,음식
에미야 가의 오늘의 밥상,음식
식극의 소마   판권 부활,음식
이세계 식당,음식
이세계 식당  기,음식
 더빙  토리코  기,음식
 더빙  토리코  기,음식
 더빙  꿈빛 파티시엘 SP 프로페셔널 리마스터,음식
유루캠   기,음식
요리왕 비룡,음식
유루캠   기   판권 부활,음식
식극의 소마 네 번째 접시,음식
식극의 소마 두 번째 접시,음식
식극의 소마 세 번째 접시,음식
식극의 소마 세 번째 접시   토오츠키 열차 편,음식
 더빙  토리코  기 part     판권 부활,음식
식극의 소마 다섯 번째 접시,음식
실내캠핑 ,음식
 더빙  토리코  기 part  ,음식
카쿠리요의 여관밥,음식
데아이몬   화과자 이야기,음식
슬로우 루프,음식
 자막  토리코 part  ,음식
다가시카시  기   판권 부활,음식
 자막  토리코 part  ,음식
마이코네 행복한 밥상,음식
 자막  토리코 part  ,음식
 자막  토리코 part  ,음식
 자막  토리코 part  ,음식
 자막  토리코 part  ,음식
 자막  요리왕 비룡 더 마스터 part  ,음식
 더빙  요리왕 비룡 더 마스터 part  ,음식
 자막  요리왕 비룡 더 마스터 part  ,음식
 더빙  토리코 x 원피스 x 드래곤볼   천하제일 식신대회,음식
 더빙  토리코 x 원피스   최강의 콤비,음식
 더빙  요리왕 비룡 더 마스터 part  ,음식
 더빙  토리코   미식신의 스페셜 메뉴,음식
 더빙  토리코 x 원피스   해선열매 헌팅작전,음식
붕괴 rd   발키리 s 키친,음식
 더빙  토리코  D   개막  구르메 어드벤쳐,음식
앙상블 스타즈 ,음악
 월은 너의 거짓말,음악
파티피플 공명,음악
최애가 부도칸에 가 준다면 난 죽어도 좋아,음악
케이온   기,음악
케이온    기,음악
기븐,음악
아이돌리쉬 세븐,음악
히프노시스 마이크  Division Rap Battle ,음악
러브 라이브   기,음악
러브 라이브  슈퍼스타    기,음악
takt op Destiny,음악
BanG Dream   nd Season,음악
꿈의 라이브 프리즘스톤,음악
좀비 랜드 사가,음악
아이돌리쉬 세븐 Second BEAT ,음악
러브 라이브  니지가사키 학원 스쿨 아이돌 동호회  기,음악
BanG Dream   rd Season,음악
러브 라이브   기,음악
아이돌 마스터,음악
이 소리에 모여  part  ,음악
 더빙  프리파라  기,음악
소녀 가극 레뷰 스타라이트,음악
러브 라이브  선샤인    기,음악
아이돌리쉬 세븐 Third BEAT  part  ,음악
프리티 리듬 오로라드림,음악
러브 라이브  선샤인    기,음악
이 소리에 모여  part  ,음악
꿈의 보석 프리즘스톤,음악
러브 라이브  니지가사키 학원 스쿨 아이돌 동호회  기,음악
가극 소녀  ,음악
아이돌 마스터 신데렐라 걸즈,음악
비주얼 프리즌,음악
마크로스 프론티어,음악
아이돌 마스터 신데렐라 걸즈 극장,음악
언덕길의 아폴론,음악
러브 라이브  슈퍼스타    기,음악
순백의 소리,음악
좀비 랜드 사가 리벤지,음악
 더빙  프리파라  기 part  ,음악
SELECTION PROJECT,음악
D DJ First Mix,음악
 더빙  프리파라  기 part  ,음악
아르고나비스 from BanG Dream  ANIMATION,음악
파도여 들어다오,음악
힐러 걸,음악
IDOLY PRIDE,음악
아이돌 마스터 SideM 사연 있는 Mini ,음악
아이돌리쉬 세븐 Third BEAT  part  ,음악
BanG Dream  걸파 피코,음악
    ,음악
리즈와 파랑새,음악
샤인포스트,음악
아이 츄,음악
SHOW BY ROCK   마슈마이렛슈  ,음악
극장판 앙상블 스타즈    Road to Show   ,음악
BanG Dream  FILM LIVE,음악
극장판 기븐,음악
러브 라이브  더 스쿨 아이돌 무비,음악
미야노 마모루 STUDIO LIVE  STREAMING  ,음악
러브 라이브  선샤인   더 스쿨 아이돌 무비 오버 더 레인보우,음악
아이돌 마스터 신데렐라 걸즈 극장  기,음악
 자막  킹 오브 프리즘,음악
BanG Dream  걸파 피코 곱빼기,음악
아이돌 마스터 신데렐라 걸즈 극장 CLIMAX SEASON,음악
울려라  유포니엄  부  키타우지 고교 관악부에 오신 걸 환영합니다    판권 부활,음악
기븐 OAD,음악
킹 오브 프리즘   프라이드 더 히어로,음악
마이 리틀 포니  ,음악
SHOW BY ROCK   STARS  ,음악
프리크리 얼터너티브,음악
마이 리틀 포니  ,음악
마이 리틀 포니  ,음악
리스너즈,음악
마이 리틀 포니  ,음악
마이 리틀 포니  ,음악
마이 리틀 포니  ,음악
마이 리틀 포니  ,음악
 더빙  프리파라   모두 모여라  프리즘 투어즈,음악
울려라  유포니엄  부  전하고 싶은 멜로디 ,음악
 더빙  킹 오브 프리즘,음악
 더빙  킹 오브 프리즘   프라이드 더 히어로,음악
울려라  유포니엄  부  맹세의 피날레 ,음악
킹 오브 프리즘   올 스타즈 프리즘 쇼 베스트   ,음악
 더빙  프리파라   모두의 동경  렛츠고 프리파리,음악
마이 리틀 포니  ,음악
따개비 루,음악
음악소녀,음악
극장판 소녀 가극 레뷰 스타라이트,음악
극장판 소녀 가극 레뷰 스타라이트 론도 론도 론도,음악
BanG Dream  FILM LIVE  nd Stage,음악
프리파라 뮤지컬,음악
오디션,음악
BanG Dream  Episode of Roselia     Song I am ,음악
BanG Dream  Episode of Roselia     약속,음악
비트킹 THE Dancing HERO,음악
소년 할리우드,음악
버뮤다 트라이앵글  컬러풀 파스토랄레 ,음악
BanG Dream  걸파 피코 피버 ,음악
BanG Dream  팝핀  드림 ,음악
D DJ Petit Mix,음악
프리크리 프로그레시브,음악
극장판 아르고나비스 from BanG Dream    유성의 오블리가토,음악
 더빙  이퀘스트리아 걸스   엉망진창 봄방학,음악
 자막  한글놀이    ,음악
라바키즈 한국어 동요 part  ,음악
 더빙  한글놀이    ,음악
라바키즈 한국어 동요 part  ,음악
라바키즈 영어 동요 part  ,음악
라바키즈 영어 동요 part  ,음악
 더빙  이퀘스트리아 걸스   명절 이야기 모음,음악
마이 리틀 포니   최고로 멋진 선물,음악
 더빙  이퀘스트리아 걸스   잊혀진 우정,음악
콩순이 쑥쑥 요리동요,음악
 더빙  이퀘스트리아 걸스   롤러코스터 같은 우정,음악
유라와 자연친구 송,음악
콩순이 쑥쑥 자존감 동요,음악
 더빙  이퀘스트리아 걸스   레인보우 로드 트립,음악
콩순이 쑥쑥 탐험동요,음악
고둥둥심포니,음악
전생했더니 슬라임이었던 건에 대하여  기,이세계
전생했더니 슬라임이었던 건에 대하여  기  부,이세계
방패 용사 성공담 Season  ,이세계
소드 아트 온라인  기,이세계
전생했더니 슬라임이었던 건에 대하여  기  부,이세계
소드 아트 온라인 앨리시제이션,이세계
여성향 게임의 파멸 플래그밖에 없는 악역 영애로 환생해버렸다   ,이세계
무직전생   이세계에 갔으면 최선을 다한다  기,이세계
오버로드  기,이세계
무직전생   이세계에 갔으면 최선을 다한다  기,이세계
소드 아트 온라인  기,이세계
오버로드  기,이세계
오버로드  기,이세계
흔해빠진 직업으로 세계최강  기,이세계
오버로드  기,이세계
"세계 최고의 암살자, 이세계 귀족으로 전생하다",이세계
현자의 손자,이세계
달이 이끄는 이세계 여행,이세계
Re   제로부터 시작하는 이세계 생활  기 part  ,이세계
 자막  이 멋진 세계에 축복을   기,이세계
 무삭제  해골기사님은 지금 이세계 모험 중,이세계
로그 호라이즌  기,이세계
노 게임 노 라이프   판권 부활,이세계
신들에게 주워진 남자,이세계
이세계 약국,이세계
"슬라임을 잡으면서    년, 모르는 사이에 레벨MAX가 되었습니다",이세계
Re   제로부터 시작하는 이세계 생활 감독판,이세계
흔해빠진 직업으로 세계최강  기,이세계
리아데일의 대지에서,이세계
여성향 게임의 파멸 플래그밖에 없는 악역 영애로 환생해버렸다  X,이세계
알바 뛰는 마왕님 ,이세계
이세계 미궁에서 하렘을,이세계
전생했더니 슬라임이었던 건에 대하여   전생슬라임 일기,이세계
성녀의 마력은 만능입니다,이세계
Re   제로부터 시작하는 이세계 생활  기 part  ,이세계
나이츠 앤 매직,이세계
이세계 식당,이세계
"사상 최강의 대마왕, 마을 사람 A로 전생하다",이세계
곰 곰 곰 베어,이세계
갓슈벨  ,이세계
데스마치에서 시작되는 이세계 광상곡,이세계
이세계 식당  기,이세계
방패 용사 성공담 Season  ,이세계
흑의 소환사,이세계
이세계 마왕과 소환 소녀의 노예 마술,이세계
로그 호라이즌  기,이세계
현실주의 용사의 왕국 재건기  기,이세계
전생현자의 이세계 라이프  두 번째 직업을 얻고 세계 최강이 되었습니다 ,이세계
이세계 미소녀 수육 아저씨와,이세계
 자막  이 멋진 세계에 축복을   기,이세계
정령환상기,이세계
 무삭제  이 용사가 ZZANG센 주제에 너무 신중하다,이세계
이세계 콰르텟,이세계
창단  짐승의 길,이세계
소드 아트 온라인 앨리시제이션 War of Underworld part  ,이세계
여성향 게임 세계는 모브에게 가혹한 세계입니다,이세계
 무삭제  소드 아트 온라인 앨리시제이션 War of Underworld part  ,이세계
어둠의 실력자가 되고 싶어서 ,이세계
책벌레의 하극상  사서가 되기 위해서라면 뭐든지 할 수 있어   기,이세계
진화의 열매  모르는 사이 성공한 인생 ,이세계
이 용사가 ZZANG센 주제에 너무 신중하다,이세계
" 자막, 무삭제  이 멋진 세계에 축복을   기",이세계
현자의 제자를 자칭하는 현자,이세계
 더빙  디지몬 어드벤처,이세계
 더빙  이누야샤  기,이세계
 더빙  이누야샤 완결편,이세계
소드 아트 온라인 앨리시제이션 War of Underworld part  ,이세계
 무삭제  이세계는 스마트폰과 함께,이세계
마왕님 리트라이 ,이세계
"팔남이라니, 그건 아니지 ",이세계
이세계 치트 마술사,이세계
 더빙  이누야샤  기,이세계
 무삭제  소드 아트 온라인 앨리시제이션 War of Underworld part  ,이세계
나는    만명의 목숨 위에 서 있다  기,이세계
알바 뛰는 마왕님  ,이세계
현실주의 용사의 왕국 재건기  기,이세계
이세계 콰르텟  ,이세계
 더빙  이누야샤  기,이세계
이세계는 스마트폰과 함께,이세계
책벌레의 하극상  사서가 되기 위해서라면 뭐든지 할 수 있어   기,이세계
전생했더니 검이었습니다,이세계
 더빙  이누야샤  기,이세계
전생했더니 슬라임이었던 건에 대하여 OAD,이세계
 더빙  이누야샤  기,이세계
책벌레의 하극상  사서가 되기 위해서라면 뭐든지 할 수 있어   기,이세계
초인 고교생들은 이세계에서도 여유롭게 살아가나 봅니다 ,이세계
악역 영애이기 때문에 최종 보스를 길러보았습니다,이세계
페르소나   the Animation,이세계
미궁 블랙 컴퍼니,이세계
이세계 마왕과 소환 소녀의 노예 마술  ,이세계
소드 아트 온라인 얼터너티브   건 게일 온라인,이세계
치트 약사의 슬로 라이프  이세계에 만들자 드러그 스토어 ,이세계
나는    만명의 목숨 위에 서 있다  기,이세계
소드 아트 온라인 Extra Edition OVA,이세계
로그 호라이즌   원탁붕괴,이세계
"이 힐러, 귀찮아",이세계
극장판 소드 아트 온라인  오디널 스케일 ,이세계
유큐홀더  마법선생 네기마   ,이세계
 자막  환상게임 part  ,이세계
 더빙  이 멋진 세계에 축복을   기,이세계
극장판 노 게임 노 라이프 제로,이세계
디지몬 어드벤처 tri     장,이세계
꿈왕국과 잠자는    명의 왕자님,이세계
 더빙  이 멋진 세계에 축복을   기,이세계
 더빙  디지몬 유니버스 어플리 몬스터즈,이세계
 자막  디지몬 어드벤처 라스트 에볼루션   인연,이세계
이 멋진 세계에 축복을  붉은 전설,이세계
디지몬 어드벤처  기   운명적 만남,이세계
디지몬 어드벤처  기   우리들의 워 게임 ,이세계
 더빙  토리코 x 원피스 x 드래곤볼   천하제일 식신대회,이세계
최강합체 믹스마스터,이세계
Re   제로부터 시작하는 이세계 생활   빙결의 인연,이세계
카드왕 믹스마스터,이세계
 더빙  토리코 x 원피스   최강의 콤비,이세계
 자막  미소녀 전사 세일러 문 Crystal 시즌  ,이세계
 더빙  디지몬 어드벤처 라스트 에볼루션   인연,이세계
디지몬 어드벤처     기   디아블로몬의 역습,이세계
 더빙  토리코 x 원피스   해선열매 헌팅작전,이세계
책벌레의 하극상  사서가 되기 위해서라면 뭐든지 할 수 있어  총집편,이세계
트리니티 세븐  천공도서관과 진홍의 마왕 ,이세계
 자막  미소녀 전사 세일러 문 Crystal 시즌  ,이세계
디지몬 어드벤처     기   황금의 디지멘탈,이세계
디지몬 프론티어  기   고대 디지몬 부활  ,이세계
 자막  이 멋진 세계에 축복을   기 OVA,이세계
극장판 소드 아트 온라인  프로그레시브   별 없는 밤의 아리아,이세계
 자막  이 멋진 세계에 축복을   기 OVA,이세계
디지몬 제볼루션,이세계
디지몬 테이머즈  기   모험자들의 싸움,이세계
디지몬 테이머즈  기   폭주 디지몬 특급,이세계
디지몬 세이버즈  기   궁극파워  버스트 모드 발동  ,이세계
 자막  오란고교 사교클럽,일상
카구야 님은 고백받고 싶어  천재들의 연애 두뇌전   기,일상
코바야시네 메이드래곤,일상
코바야시네 메이드래곤 S,일상
카구야 님은 고백받고 싶어  천재들의 연애 두뇌전   기,일상
슈퍼 시크릿,일상
다 다 다 ,일상
월간순정 노자키 군,일상
카구야 님은 고백받고 싶어  울트라 로맨틱 ,일상
"진정한 동료가 아니라고 용사 파티에서 쫓겨났기 때문에, 변경에서 슬로우 라이프 하기로 했습니다",일상
 더빙  짱구는 못말려   ,일상
신들에게 주워진 남자,일상
귀엽기만 한 게 아닌 시키모리 양,일상
바라카몬,일상
에미야 가의 오늘의 밥상,일상
건어물 여동생 우마루짱,일상
이세계 식당,일상
미이라 사육법,일상
데스마치에서 시작되는 이세계 광상곡,일상
이세계 식당  기,일상
 등분의 신부  ,일상
 더빙  짱구는 못말려   ,일상
사카모토입니다만 ,일상
 자막  일하는 세포,일상
즐겁게 놀아보세,일상
 등분의 신부,일상
나츠메 우인장  기,일상
아하렌 양은 알 수가 없어,일상
장난을 잘 치는 타카기 양  기,일상
보이는 여고생,일상
정령환상기,일상
"괴롭히지 말아요, 나가토로 양",일상
케이온   기,일상
너와 나의 눈높이,일상
타나카 군은 항상 나른해,일상
케이온    기,일상
쟈히님은 기죽지 않아 ,일상
금장의 벨메이유  벼랑 끝 마술사는 최강의 재액과 마법세계를 헤쳐나간다 ,일상
네 귀가 보여,일상
건어물 여동생  우마루짱 R   기 ,일상
유루캠   기,일상
 더빙  학원 베이비시터즈   판권 부활,일상
블렌드 S,일상
"동거인은 무릎, 때때로 머리 위",일상
나에게 천사가 내려왔다 ,일상
유루캠   기   판권 부활,일상
장난을 잘 치는 타카기 양  기,일상
가브릴 드롭아웃,일상
왕실교사 하이네,일상
도우미 여우 센코 씨,일상
 더빙  짱구는 못말려   ,일상
나츠메 우인장  기,일상
나츠메 우인장  기,일상
 더빙  짱구는 못말려   ,일상
나를 좋아하는 건 너뿐이냐,일상
나츠메 우인장  기,일상
귀여우면 변태라도 좋아해 주실 수 있나요 ,일상
남자 고교생의 일상,일상
BanG Dream   nd Season,일상
이웃집 흡혈귀 씨,일상
나츠메 우인장  기,일상
아케비의 세일러복,일상
 더빙  짱구는 못말려   ,일상
한다 군   판권 부활,일상
 더빙  짱구는 못말려   ,일상
나츠메 우인장  기,일상
 더빙  짱구는 못말려   ,일상
 무삭제  일하는 세포,일상
실내캠핑 ,일상
우마욘,일상
벨제붑 아가씨의 뜻대로,일상
 더빙  짱구는 못말려   ,일상
 더빙  짱구는 못말려   ,일상
 더빙  짱구는 못말려 더 비기닝,일상
 무삭제  히나마츠리,일상
BanG Dream   rd Season,일상
내 여자친구가 너무 성실한 처녀 빗치인 건,일상
여동생만 있으면 돼 ,일상
 자막  학원 베이비시터즈   판권 부활,일상
타마코 마켓,일상
불쾌한 모노노케안,일상
길모퉁이 마족,일상
 더빙  짱구는 못말려   ,일상
이누x보쿠 시크릿 서비스,일상
초보 연금술사의 점포경영,일상
치트 약사의 슬로 라이프  이세계에 만들자 드러그 스토어 ,일상
바보걸,일상
 더빙  짱구는 못말려   ,일상
마술선배,일상
 더빙  일하는 세포,일상
토끼 드롭스,일상
주문은 토끼입니까   기,일상
일하는 세포  기,일상
히나마츠리,일상
길모퉁이 마족  번가,일상
일하는 세포 BLACK,일상
런웨이에서 웃어줘,일상
최근 고용한 메이드가 수상하다,일상
갸루와 공룡,일상
스노하라장의 관리인 씨,일상
책벌레 공주,일상
쿨하고 바보 같은 남자,일상
슬로우 루프,일상
센류소녀,일상
극장판 짱구는 못말려  기   어른제국의 역습,일상
주문은 토끼입니까  BLOOM,일상
 더빙  쥬로링 동물탐정,일상
쿠노이치 츠바키의 속마음,일상
우치타마    우리집 타마를 모르시나요  ,일상
거친 계절의 소녀들이여,일상
 무삭제  변덕쟁이 오렌지 로드 리마스터링,일상
슈퍼커브,일상
마이코네 행복한 밥상,일상
"드래곤, 집을 사다",일상
주문은 토끼입니까    기,일상
안녕  보노보노  기,일상
요괴 아파트의 우아한 일상,일상
마리아님이 보고 계셔  기,일상
핑구 시즌  ,일상
논논비요리   논스톱,일상
불쾌한 모노노케안 속,일상
아이돌 마스터 신데렐라 걸즈 극장,일상
 무삭제  불쾌한 모노노케안 속,일상
예스터데이를 노래하며,일상
 더빙  침략  오징어 소녀  기,일상
극장판 짱구는 못말려   기   엄청 맛있어  B급 음식 서바이벌 ,일상
마음의 소리 시즌  ,일상
극장판 짱구는 못말려  기   핸더랜드의 대모험,일상
RPG 부동산,일상
첫사랑 몬스터,일상
극장판 짱구는 못말려   기   정면승부  로봇아빠의 역습,일상
 더빙  키테레츠 대백과 시즌  ,일상
아르고나비스 from BanG Dream  ANIMATION,일상
극장판 짱구는 못말려  기   암흑 마왕 대추적,일상
뒤떨어진 후르츠 타르트,일상
극장판 짱구는 못말려   기   태풍을 부르는 영광의 불고기 로드,일상
 명은 각자 거짓말을 한다,일상
극장판 짱구는 못말려  기   액션가면 VS 그래그래 마왕,일상
신 도라에몽  기,일상
힐러 걸,일상
극장판 짱구는 못말려   기   초시공  폭풍을 부르는 나의 신부,일상
신 도라에몽   기,일상
극장판 짱구는 못말려  기   폭발  온천부글부글 대작전,일상
NEW 아기공룡 둘리,일상
극장판 짱구는 못말려   기   나의 이사 이야기 선인장 대습격,일상
극장판 짱구는 못말려  기   폭풍을 부르는 정글,일상
극장판 짱구는 못말려   기   전설을 부르는 춤  아미고 ,일상
극장판 짱구는 못말려   기   폭풍수면  꿈꾸는 세계 대돌격,일상
마음의 소리 시즌  ,일상
아이돌 마스터 SideM 사연 있는 Mini ,일상
아프리카의 샐러리맨,일상
극장판 나츠메 우인장   세상과 연을 맺다,일상
카구야 님은 고백받고 싶어  천재들의 연애 두뇌전   기 OVA,일상
검정고무신  기,일상
타마코 러브 스토리   판권 부활,일상
극장판 짱구는 못말려  기   돼지발굽 대작전,일상
극장판 짱구는 못말려   기   부리부리  분 대진격,일상
극장판 짱구는 못말려   기   폭풍을 부르는 석양의 떡잎마을 방범대,일상
극장판 짱구는 못말려   기   태풍을 부르는 장엄한 전설의 전투,일상
극장판 짱구는 못말려  기   흑부리 마왕의 야망,일상
마리아님이 보고 계셔  기,일상
극장판 짱구는 못말려  기   부리부리 왕국의 보물,일상
BanG Dream  걸파 피코,일상
프리마 돌,일상
    ,일상
 더빙  마루코는 아홉살   part  ,일상
라이플 이즈 뷰티풀,일상
센토루의 고민,일상
극장판 짱구는 못말려   기   포효하라  떡잎 야생왕국,일상
신 도라에몽 스페셜  기,일상
신 도라에몽  기,일상
극장판 짱구는 못말려   기   폭풍을 부르는 노래하는 엉덩이 폭탄 ,일상
신 도라에몽  기,일상
변덕쟁이 오렌지 로드 리마스터링,일상
빨강머리 앤   판권 부활,일상
극장판 짱구는 못말려   기   태풍을 부르는 황금 스파이 대작전,일상
극장판 짱구는 못말려   기   폭풍을 부르는 나와 우주의 프린세스,일상
무지개빛 데이즈   판권 부활,일상
신 도라에몽  기,일상
마음의 소리 시즌  ,일상
우당탕탕 괴짜가족,일상
 더빙  인간계 생활기록,일상
신 도라에몽  기,일상
검정고무신  기,일상
신 도라에몽  기,일상
극장판 짱구는 못말려   기   폭풍을 부르는 금창의 용사,일상
나츠메 우인장 OVA    야옹 선생과 첫 심부름,일상
BanG Dream  FILM LIVE,일상
프라오레  PRIDE OF ORANGE,일상
신 도라에몽  기,일상
극장판 왕실교사 하이네,일상
뉴 꾸러기 닌자 토리 리턴즈,일상
나츠메 우인장   이시오코시와 수상한 방문자,일상
플래그 타임,일상
아이돌 마스터 신데렐라 걸즈 극장  기,일상
BanG Dream  걸파 피코 곱빼기,일상
아이돌 마스터 신데렐라 걸즈 극장 CLIMAX SEASON,일상
핑구 시즌  ,일상
치미모,일상
옷코는 초등학생 사장님 ,일상
"안녕, 나의 크라머",일상
연애 하루 전 시즌  ,일상
교토탐정 홈즈,일상
마이 리틀 포니  ,일상
연애 하루 전 시즌  ,일상
검정고무신  기,일상
 더빙  마루코는 아홉살   part  ,일상
비밀결사 매발톱단 시즌 ,일상
츠쿠모가미 빌려드립니다,일상
케모노 프렌즈  기,일상
논논비요리   베케이션,일상
 더빙  열려라  코코밍,일상
극장판 주문은 토끼입니까   Dear my sister ,일상
연애 하루 전 ZERO,일상
검정고무신  기,일상
된다  뭐든 ,일상
안녕 자두야  기,일상
안녕  보노보노  기,일상
극장판 짱구는 못말려   기   격돌  낙서왕국과 얼추 네 명의 용사들,일상
안녕  보노보노  기,일상
붕괴 rd   발키리 s 키친,일상
라바 시즌  ,일상
마이 리틀 포니  ,일상
마이 리틀 포니  ,일상
마이 리틀 포니  ,일상
마이 리틀 포니  ,일상
취성의 가르간티아   판권 부활,일상
반지의 비밀일기 part  ,일상
마이 리틀 포니  ,일상
에그엔젤 코코밍 part  ,일상
마이 리틀 포니  ,일상
 더빙  꼬마마법사 레미 샵,일상
극장판 뽀로로의 대모험,일상
어그레츠코   회사는 열바다,일상
롱 라이더스 ,일상
 자막  꼬마마법사 레미 샵,일상
반지의 비밀일기  ,일상
 더빙  쥬얼펫   스위트 댄스 프린세스   판권 부활,일상
비밀결사 매발톱단 시즌   KR ,일상
에그엔젤 코코밍 시즌 ,일상
핑구 시즌  ,일상
세상에서 제일 작은 남자,일상
 더빙  코코몽  기,일상
ARIA The AVVENIRE,일상
톰 소여의 모험,일상
에그엔젤 코코밍 part  ,일상
마이 리틀 포니  ,일상
ARIA The CREPUSCOLO,일상
마에세츠 ,일상
 자막  꼬마마법사 레미 포르테   개구리 바위의 비밀,일상
파파독   개 수상한 이웃  상 ,일상
 더빙  꼬마마법사 레미 포르테   개구리 바위의 비밀,일상
비밀결사 매발톱단 시즌   MAX ,일상
 더빙  토끼네 집으로 오세요 시즌  ,일상
삶은 아이돌,일상
마루 위 구름,일상
BanG Dream  FILM LIVE  nd Stage,일상
교향시편 유레카 세븐 하이에볼루션  ,일상
라바 인 뉴욕 시즌   ,일상
비밀결사 매발톱단 시즌   NEO ,일상
핑구 인 더 시티,일상
핑구 시즌  ,일상
요랑아 요랑아,일상
개구쟁이 스머프 NEW,일상
비밀결사 매발톱단 시즌   카운트다운 ,일상
반지의 비밀일기 part  ,일상
파파독   개 수상한 이웃  하 ,일상
검거미,일상
 더빙  빨간머리 앤  네버엔딩스토리,일상
BanG Dream  Episode of Roselia     Song I am ,일상
핑구 시즌  ,일상
핑구 시즌  ,일상
BanG Dream  Episode of Roselia     약속,일상
라바 시즌  ,일상
극장판 뽀로로 컴퓨터 왕국 대모험,일상
소년 할리우드,일상
극장판 뽀로로 공룡섬 대모험,일상
마음의 소리 스페셜     엔젤전설,일상
BanG Dream  걸파 피코 피버 ,일상
토리 고 고 ,일상
교향시편 유레카 세븐 하이에볼루션     아네모네,일상
극장판 뽀로로 슈퍼썰매 대모험   판권 부활,일상
마음의 소리 스페셜     붕어빵 부자,일상
극장판 빨간머리 앤  그린 게이블로 가는 길,일상
야마노스스메 OVA 추억의 선물,일상
극장판 뽀로로 눈요정마을 대모험,일상
개구쟁이 스머프,일상
추억의 검정고무신,일상
극장판 뽀로로 보물섬 대모험,일상
안녕  괴발개발,일상
BanG Dream  팝핀  드림 ,일상
극장판 옷코는 초등학생 사장님 ,일상
 더빙  코코몽  기,일상
 더빙  극장판 빨간머리 앤  그린 게이블로 가는 길,일상
마음의 소리 스페셜     스펙타클 임팩트맨,일상
마음의 소리 스페셜     효  크러쉬,일상
마인크래프트 이야기,일상
이시다 히로야스 X 아라이 요지로 특별전,일상
마음의 소리 스페셜     이어서 하자,일상
반지의 비밀일기  ,일상
하카타 멘타이 피리카라코짱,일상
두리둥실 뭉게공항 시즌  ,일상
 무자막  토끼네 집으로 오세요 시즌  ,일상
모여라  고마짱 시즌  ,일상
모여라  고마짱 시즌  ,일상
꼬냥툰 시즌  ,일상
 자막  겨울왕국의 무민,일상
타오르지마 버스터   블랙어썰트의 귀환,일상
안녕  괴발개발 시즌  ,일상
 더빙  코코몽  기,일상
 더빙  미피의 동물원 보물찾기,일상
극장판 아르고나비스 from BanG Dream    유성의 오블리가토,일상
ARIA The BENEDIZIONE,일상
내 사랑 뚱 시즌  ,일상
도라에몽   진구의 신공룡,일상
도라에몽   진구의 달 탐사기,일상
 더빙  극장판 아따맘마  D   엄마는 초능력자,일상
꼬냥툰 시즌  ,일상
교향시편 유레카 세븐 하이에볼루션  ,일상
 더빙  겨울왕국의 무민,일상
극장판 금빛 모자이크   프리티 데이즈,일상
 더빙  아기공룡 버디 시즌  ,일상
 더빙  내 친구 코리리,일상
모여라  고마짱 시즌  ,일상
좀비덤 시즌  ,일상
기괴하고 요상한 귀신딱지,일상
헬로 코코몽  기,일상
 자막  치에리와 체리,일상
꼬냥툰 시즌  ,일상
 더빙  토마스와 친구들   용감한 기관차와 괴물소동,일상
써니버니 시즌  ,일상
 더빙  이퀘스트리아 걸스   엉망진창 봄방학,일상
로터리파크,일상
 더빙  꼬마마법사 레미   견습 마법사를 찾아서,일상
 자막  꼬마마법사 레미   견습 마법사를 찾아서,일상
니니파이브,일상
썰작가의 흔한애니 시즌  ,일상
도라에몽   스탠바이미  ,일상
이웃집 야마다군,일상
마음의 소리 시즌     영어,일상
 더빙  토끼네 집으로 오세요 시즌  ,일상
파파독 스페셜   별별 친구들,일상
라바키즈 한국어 동요 part  ,일상
도라에몽   진구와 양철 인형,일상
좀비덤 시즌  ,일상
추억은 방울방울,일상
라바키즈 한국어 동요 part  ,일상
비키   조니,일상
 더빙  치에리와 체리,일상
도라에몽   진구와 구름 왕국,일상
 더빙  토마스와 친구들   그레이트 레이스,일상
 더빙  극장판 도라에몽   진구의 우주소전쟁,일상
도라에몽   진구와 꿈의 삼총사,일상
"안녕, 나의 크라머   퍼스트 터치",일상
라바키즈 영어 동요 part  ,일상
을식이는 재수 없어,일상
라바키즈 영어 동요 part  ,일상
헬로 코코몽  기,일상
크리켓팡,일상
극장판 안녕 자두야,일상
연애 하루 전,일상
 더빙  극장판 아따맘마,일상
궁금해요 핑퐁,일상
도라에몽   진구의 도라비안 나이트,일상
써니버니 시즌  ,일상
안녕 자두야 서유기   어쩌다 영웅,일상
 더빙  이퀘스트리아 걸스   명절 이야기 모음,일상
 자막  토마스와 친구들   그레이트 레이스,일상
마이 리틀 포니   최고로 멋진 선물,일상
 더빙  극장판 햄토리 햄토리와 신기한 도깨비 그림탑,일상
 더빙  이퀘스트리아 걸스   잊혀진 우정,일상
갤럭시키즈  ,일상
꼬마탐정 토비와 테리,일상
써니버니 시즌  ,일상
극장판 안녕 자두야   제주도의 비밀,일상
써니버니 시즌  ,일상
버블버블 마린,일상
콩순이 쑥쑥 상상력동요 English,일상
안녕 자두야 명작동화   효녀자두   엄지공주,일상
안녕 자두야 스페셜   언더 더 씨,일상
콩순이 쑥쑥 요리동요,일상
 더빙  이퀘스트리아 걸스   롤러코스터 같은 우정,일상
 자막  극장판 도라에몽   진구의 우주소전쟁,일상
콩순이 쑥쑥 자존감 동요,일상
 더빙  이퀘스트리아 걸스   레인보우 로드 트립,일상
우리 스승님은 꼬리가 없다,일상
콩순이 쑥쑥 상상력동요,일상
콩순이 쑥쑥 놀이동요 English,일상
콩순이 쑥쑥 탐험동요,일상
 더빙  하얀 꼬마 토끼 쁘띠,일상
콩순이 쑥쑥 요리동요 English,일상
 더빙  풍뎅이뎅이 스페셜,일상
갤럭시키즈  ,일상
콩순이 쑥쑥 인기동요 English,일상
극장판 라바   신비한 무인도 이야기,일상
콩순이 쑥쑥 베스트송 English,일상
된다  뭐든  무서울 뻔 한 이야기,일상
롤러코스터 보이 노리 파트  ,일상
 더빙  토마스와 친구들   빅 월드 어드벤처,일상
 더빙  아기공룡 버디 스페셜   지구탐험대,일상
콩순이 쑥쑥 창의력동요 English,일상
롤러코스터 보이 노리   노리파크의 시작,일상
써니버니 시즌  ,일상
콩순이 쑥쑥 여행동요 English,일상
오드봇 스페셜,일상
써니버니 시즌  ,일상
콩순이 쑥쑥 교통수단동요,일상
콩순이 장난감나라 대모험,일상
롤러코스터 보이 노리 파트  ,일상
콩순이 쑥쑥 교통수단동요 English,일상
 자막  데스노트 리마스터,추리
문호 스트레이 독스  기,추리
 더빙  데스노트 리마스터,추리
문호 스트레이 독스  기,추리
문호 스트레이 독스  기,추리
 더빙  명탐정 코난  기,추리
 자막  명탐정 코난   기,추리
나만이 없는 거리,추리
 더빙  명탐정 코난  기,추리
 자막  명탐정 코난     ,추리
 더빙  명탐정 코난  기,추리
 더빙  명탐정 코난  기,추리
 더빙  명탐정 코난   기,추리
 더빙  명탐정 코난   기,추리
 더빙  명탐정 코난   기,추리
 자막  명탐정 코난     ,추리
 더빙  탐정학원 Q,추리
 더빙  소년탐정 김전일 Original  기,추리
 더빙  명탐정 코난   기,추리
 더빙  소년탐정 김전일 Original  기,추리
문호 스트레이독스 멍 ,추리
무능한 나나,추리
 자막  명탐정 코난   기,추리
PSYCHO PASS  기,추리
 더빙  명탐정 코난   기,추리
단간론파   희망의 학교와 절망의 고교생,추리
 더빙  명탐정 코난   기,추리
 자막  명탐정 코난   기,추리
 더빙  소년탐정 김전일 Original  기,추리
허구추리,추리
쓰르라미 울 적에 업 part  ,추리
 자막  명탐정 코난   기,추리
페르소나   the Animation,추리
PSYCHO PASS  기  신편집판 ,추리
 자막  명탐정 코난  기   판권 부활,추리
 더빙  소년탐정 김전일 R,추리
단간론파   The End of 키보가미네 학원   절망편,추리
 자막  괴도 키드     ,추리
PSYCHO PASS  기,추리
사쿠라코 씨의 발밑에는 시체가 묻혀 있다,추리
 더빙  소년탐정 김전일 R 시즌 ,추리
우국의 모리아티 part  ,추리
단간론파  The End of 키보가미네 학원   미래편,추리
사라잔마이,추리
 더빙  괴도 키드     ,추리
공의 경계  장 부감풍경,추리
쓰르라미 울 적에 졸,추리
극장판 문호 스트레이 독스 DEAD APPLE,추리
 더빙  쥬로링 동물탐정,추리
 자막  소년탐정 김전일 Original  기,추리
하카타 돈코츠 라멘즈,추리
쓰르라미 울 적에 업 part  ,추리
 더빙  괴도 키드 스페셜,추리
우국의 모리아티 part  ,추리
 더빙  명탐정 코난   감청의 권,추리
 자막  명탐정 코난   비색의 부재증명,추리
 더빙  명탐정 코난   진홍의 수학여행,추리
미소년 탐정단,추리
루팡  세 part  ,추리
이케부쿠로 웨스트 게이트 파크,추리
보석상 리처드 씨의 수수께끼 감정,추리
루팡  세 VS 명탐정 코난,추리
공의 경계  장 살인고찰  전 ,추리
TRICKSTER  에도가와 란포  소년탐정단 으로부터 ,추리
 자막  명탐정 코난   감청의 권,추리
PSYCHO PASS Sinners of the System,추리
공각기동대,추리
 더빙  루팡  세 PART  ,추리
엉덩이 탐정 시즌  ,추리
공의 경계  장 모순나선,추리
공의 경계  장 통각잔류,추리
공의 경계  장 가람의 동,추리
 자막  명탐정 코난   진홍의 수학여행,추리
공의 경계  장 살인고찰  후 ,추리
공의 경계 미래복음,추리
 자막  루팡  세 PART  ,추리
공의 경계  장 망각녹음,추리
공의 경계 미래복음 Extra Chorus,추리
공의 경계 종장,추리
 더빙  루팡  세 PART  ,추리
교토탐정 홈즈,추리
데스 퍼레이드   판권 부활,추리
엉덩이 탐정 시즌  ,추리
 더빙  명탐정 코난   기   비색의 탄환,추리
 자막  명탐정 코난   기   비색의 탄환,추리
 더빙  명탐정 코난   할로윈의 신부,추리
 자막  루팡  세 스페셜   동방견문록  어나더 페이지 ,추리
 더빙  명탐정 코난   피아노 소나타 월광 살인사건,추리
 자막  루팡  세   Princess Of The Breeze  숨겨진 공중도시 ,추리
명탐정 코난   본청 형사의 사랑이야기  결혼전야,추리
 더빙  명탐정 코난   대괴수 고메라 VS 가면 사나이,추리
 더빙  레이튼 교수와 영원한 디바,추리
루팡  세   더 퍼스트,추리
 자막  명탐정 코난   대괴수 고메라 VS 가면 사나이,추리
극장판 엉덩이 탐정   화려한 사건 수첩,추리
 자막  명탐정 코난   피아노 소나타 월광 살인사건,추리
 더빙  루팡  세 스페셜   이탈리안 게임,추리
 더빙  루팡  세 스페셜   헤밍웨이 페이퍼의 수수께끼,추리
극장판 엉덩이 탐정   텐텐마을의 수수께끼,추리
극장판 엉덩이탐정   수플레 섬의 비밀,추리
마법사의 신부,치유
청춘 돼지는 바니걸 선배의 꿈을 꾸지 않는다,치유
후르츠 바스켓  기,치유
신들에게 주워진 남자,치유
"슬라임을 잡으면서    년, 모르는 사이에 레벨MAX가 되었습니다",치유
바라카몬,치유
리아데일의 대지에서,치유
성녀의 마력은 만능입니다,치유
곰 곰 곰 베어,치유
후르츠 바스켓  기,치유
나츠메 우인장  기,치유
 자막  내 이야기  ,치유
"우리 딸을 위해서라면, 나는 마왕도 쓰러뜨릴 수 있을지 몰라",치유
유루캠   기,치유
"용사 파티에서 추방된 비스트테이머, 최강종의 고양이귀 소녀와 만나다",치유
 더빙  학원 베이비시터즈   판권 부활,치유
"동거인은 무릎, 때때로 머리 위",치유
이 게임 폐인이 사는 법,치유
유루캠   기   판권 부활,치유
나츠메 우인장  기,치유
나츠메 우인장  기,치유
나츠메 우인장  기,치유
이웃집 흡혈귀 씨,치유
나츠메 우인장  기,치유
후르츠 바스켓 더 파이널,치유
한다 군   판권 부활,치유
나츠메 우인장  기,치유
실내캠핑 ,치유
벨제붑 아가씨의 뜻대로,치유
 무삭제  히나마츠리,치유
클라나드  기,치유
 자막  학원 베이비시터즈   판권 부활,치유
타마코 마켓,치유
불쾌한 모노노케안,치유
초보 연금술사의 점포경영,치유
치트 약사의 슬로 라이프  이세계에 만들자 드러그 스토어 ,치유
토끼 드롭스,치유
주문은 토끼입니까   기,치유
히나마츠리,치유
카쿠리요의 여관밥,치유
데아이몬   화과자 이야기,치유
클라나드 애프터 스토리,치유
사축 씨는 꼬마 유령에게 치유받고 싶어,치유
주문은 토끼입니까  BLOOM,치유
우치타마    우리집 타마를 모르시나요  ,치유
RE MAIN,치유
슈퍼커브,치유
 더빙  내 이야기  ,치유
마이코네 행복한 밥상,치유
"드래곤, 집을 사다",치유
주문은 토끼입니까    기,치유
안녕  보노보노  기,치유
마법사의 신부 특별편   별을 기다리는 이,치유
논논비요리   논스톱,치유
불쾌한 모노노케안 속,치유
 무삭제  불쾌한 모노노케안 속,치유
언덕길의 아폴론,치유
목소리의 형태,치유
 자막  늑대아이,치유
이별의 아침에 약속의 꽃을 장식하자,치유
신 도라에몽  기,치유
신 도라에몽   기,치유
극장판 나츠메 우인장   세상과 연을 맺다,치유
타마코 러브 스토리   판권 부활,치유
센토루의 고민,치유
신 도라에몽 스페셜  기,치유
신 도라에몽  기,치유
신 도라에몽  기,치유
신 도라에몽  기,치유
신 도라에몽  기,치유
신 도라에몽  기,치유
나츠메 우인장 OVA    야옹 선생과 첫 심부름,치유
 더빙  늑대아이,치유
신 도라에몽  기,치유
나츠메 우인장   이시오코시와 수상한 방문자,치유
플래그 타임,치유
케모노 프렌즈  기,치유
논논비요리   베케이션,치유
극장판 주문은 토끼입니까   Dear my sister ,치유
안녕  보노보노  기,치유
안녕  보노보노  기,치유
카기나도,치유
 더빙  호빵맨  기,치유
하울의 움직이는 성,치유
파스텔 메모리즈,치유
 더빙  코코몽  기,치유
 더빙  목소리의 형태   배리어프리,치유
ARIA The AVVENIRE,치유
ARIA The CREPUSCOLO,치유
마녀 배달부 키키,치유
이웃집 토토로,치유
 더빙  코코몽  기,치유
아리떼 공주,치유
귀를 기울이면,치유
카기나도 Season  ,치유
 자막  지브리 컬렉션 vol   ,치유
벼랑 위의 포뇨,치유
썸머 고스트,치유
 더빙  코코몽  기,치유
바다가 들린다,치유
 자막  지브리 컬렉션 vol   ,치유
ARIA The BENEDIZIONE,치유
 자막  지브리 컬렉션 vol   ,치유
도라에몽   진구의 신공룡,치유
도라에몽   진구의 달 탐사기,치유
반딧불이의 숲으로,치유
극장판 금빛 모자이크   프리티 데이즈,치유
바람이 분다,치유
코쿠리코 언덕에서,치유
 더빙  지브리 컬렉션 vol   ,치유
헬로 코코몽  기,치유
추억의 마니,치유
도라에몽   스탠바이미  ,치유
이웃집 야마다군,치유
 더빙  지브리 컬렉션 vol   ,치유
도라에몽   진구와 양철 인형,치유
게드 전기   어스시의 전설,치유
 더빙  지브리 컬렉션 vol   ,치유
추억은 방울방울,치유
폼포코 너구리 대작전,치유
주술회전 part  ,판타지
 무삭제  귀멸의 칼날,판타지
은혼  기,판타지
전생했더니 슬라임이었던 건에 대하여  기,판타지
귀멸의 칼날   환락의 거리편,판타지
주술회전 part  ,판타지
전생했더니 슬라임이었던 건에 대하여  기  부,판타지
방패 용사 성공담 Season  ,판타지
지박소년 하나코 군,판타지
 자막  나의 히어로 아카데미아  기,판타지
 자막  나의 히어로 아카데미아  기,판타지
전생했더니 슬라임이었던 건에 대하여  기  부,판타지
 자막  나의 히어로 아카데미아  기,판타지
가정교사 히트맨 리본 ,판타지
진격의 거인  기,판타지
 자막  데스노트 리마스터,판타지
도쿄 리벤저스 part  ,판타지
 자막  나의 히어로 아카데미아  기,판타지
코바야시네 메이드래곤,판타지
나루토  기,판타지
문호 스트레이 독스  기,판타지
 더빙  강철의 연금술사 BROTHERHOOD,판타지
도쿄 리벤저스 part  ,판타지
코바야시네 메이드래곤 S,판타지
여성향 게임의 파멸 플래그밖에 없는 악역 영애로 환생해버렸다   ,판타지
무직전생   이세계에 갔으면 최선을 다한다  기,판타지
 더빙  데스노트 리마스터,판타지
일곱 개의 대죄   계명의 부활   기 ,판타지
일곱 개의 대죄   기 ,판타지
슈퍼 시크릿,판타지
오버로드  기,판타지
새벽의 연화,판타지
 자막  나의 히어로 아카데미아  기,판타지
약속의 네버랜드  기,판타지
마법사의 신부,판타지
 자막  블랙 클로버  기,판타지
무직전생   이세계에 갔으면 최선을 다한다  기,판타지
오버로드  기,판타지
오버로드  기,판타지
원펀맨  기,판타지
